15 | [ 3, 2, 2, 2 ]
21 | [ 5, 19, 7, 227 ]
33 | [ 3, 5, 41, 193 ]
35 | [ 29, 47, 31, 433 ]
39 | [ 29, 43, 71, 457 ]
51 | [ 23, 199, 29, 29 ]
55 | [ 113, 79, 197, 53 ]
57 | [ 197, 373, 7, 43 ]
65 | [ 23, 67, 241, 67 ]
69 | [ 3, 41, 107, 257 ]
77 | [ 19, 139, 13, 761 ]
85 | [ 19, 13, 7, 431 ]
87 | [ 43, 181, 19, 953 ]
91 | [ 17, 107, 43, 1093 ]
93 | [ 107, 23, 263, 641 ]
95 | [ 229, 59, 103, 1151 ]
111 | [ 19, 179, 67, 577 ]
115 | [ 79, 107, 113, 2437 ]
119 | [ 373, 41, 29, 4751 ]
123 | [ 13, 5, 19, 263 ]
129 | [ 73, 257, 137, 293 ]
133 | [ 53, 401, 43, 137 ]
141 | [ 157, 547, 13, 13 ]
143 | [ 17, 353, 19, 1423 ]
145 | [ 1399, 163, 101, 967 ]
155 | [ 1091, 233, 29, 317 ]
159 | [ 31, 199, 37, 1237 ]
161 | [ 113, 397, 19, 19 ]
177 | [ 373, 103, 73, 719 ]
183 | [ 751, 367, 53, 11 ]
185 | [ 293, 31, 3, 31 ]
187 | [ 1399, 347, 103, 2081 ]
201 | [ 127, 73, 5, 1543 ]
203 | [ 1493, 421, 19, 691 ]
205 | [ 227, 1553, 29, 157 ]
209 | [ 257, 173, 47, 47 ]
213 | [ 43, 1553, 101, 2207 ]
215 | [ 271, 179, 23, 7043 ]
217 | [ 17, 577, 67, 3433 ]
219 | [ 173, 29, 13, 2699 ]
221 | [ 449, 719, 193, 193 ]
235 | [ 907, 59, 107, 4831 ]
237 | [ 311, 101, 107, 1217 ]
247 | [ 761, 1993, 191, 857 ]
249 | [ 307, 37, 541, 877 ]
253 | [ 1319, 431, 397, 431 ]
259 | [ 349, 1033, 23, 3527 ]
265 | [ 257, 1301, 61, 3067 ]
267 | [ 919, 1229, 281, 281 ]
287 | [ 73, 1009, 53, 2969 ]
291 | [ 367, 149, 199, 1091 ]
295 | [ 307, 367, 71, 7151 ]
299 | [ 19, 503, 157, 401 ]
301 | [ 311, 1129, 229, 2087 ]
303 | [ 19, 317, 17, 4519 ]
305 | [ 181, 1301, 79, 89 ]
309 | [ 101, 1571, 89, 1109 ]
319 | [ 1009, 643, 19, 1873 ]
321 | [ 401, 509, 47, 3079 ]
323 | [ 127, 1163, 179, 4261 ]
327 | [ 379, 211, 13, 673 ]
329 | [ 337, 1091, 41, 3407 ]
335 | [ 53, 2861, 83, 1949 ]
339 | [ 193, 1847, 29, 1009 ]
341 | [ 61, 53, 83, 1861 ]
355 | [ 47, 383, 109, 587 ]
365 | [ 229, 647, 241, 647 ]
371 | [ 269, 479, 149, 11467 ]
377 | [ 313, 223, 241, 1427 ]
381 | [ 5, 109, 53, 139 ]
391 | [ 31, 269, 499, 4349 ]
393 | [ 3, 367, 109, 10531 ]
395 | [ 947, 439, 61, 971 ]
403 | [ 2969, 1021, 167, 4523 ]
407 | [ 211, 1069, 353, 4733 ]
411 | [ 157, 89, 211, 2677 ]
413 | [ 3083, 541, 499, 5023 ]
415 | [ 3, 2503, 107, 13033 ]
417 | [ 13, 2971, 109, 401 ]
427 | [ 967, 1327, 607, 6883 ]
437 | [ 37, 2399, 17, 659 ]
445 | [ 83, 211, 317, 211 ]
447 | [ 1033, 709, 461, 4783 ]
451 | [ 839, 1459, 47, 11731 ]
453 | [ 67, 509, 137, 509 ]
469 | [ 577, 881, 73, 1613 ]
471 | [ 1373, 83, 353, 1061 ]
473 | [ 2089, 907, 41, 937 ]
481 | [ 457, 2399, 199, 2971 ]
485 | [ 19, 1187, 71, 1103 ]
489 | [ 829, 4397, 83, 2579 ]
493 | [ 2647, 1327, 263, 1327 ]
497 | [ 821, 2753, 109, 2113 ]
501 | [ 739, 1567, 193, 3733 ]
505 | [ 607, 1543, 149, 149 ]
511 | [ 47, 163, 71, 11317 ]
515 | [ 853, 1999, 17, 499 ]
517 | [ 953, 2287, 137, 1093 ]
519 | [ 3, 3359, 29, 7607 ]
527 | [ 263, 523, 109, 3709 ]
533 | [ 1039, 881, 409, 2683 ]
535 | [ 271, 4201, 113, 1979 ]
537 | [ 331, 643, 109, 5801 ]
543 | [ 17, 197, 199, 197 ]
545 | [ 2837, 103, 3, 3739 ]
551 | [ 1931, 523, 53, 199 ]
553 | [ 83, 397, 167, 1667 ]
559 | [ 5, 397, 383, 4051 ]
565 | [ 877, 53, 47, 1259 ]
573 | [ 613, 2731, 41, 13309 ]
579 | [ 967, 743, 359, 3613 ]
581 | [ 353, 2141, 281, 2663 ]
583 | [ 313, 919, 269, 16943 ]
589 | [ 1303, 2897, 223, 7109 ]
591 | [ 389, 349, 227, 4451 ]
597 | [ 1657, 1373, 13, 2357 ]
611 | [ 607, 877, 367, 2789 ]
623 | [ 941, 1487, 103, 9551 ]
629 | [ 569, 653, 71, 4909 ]
633 | [ 431, 167, 263, 9551 ]
635 | [ 3677, 661, 61, 8831 ]
649 | [ 11719, 13873, 23, 2063 ]
655 | [ 103, 2029, 53, 1663 ]
667 | [ 43, 139, 109, 9013 ]
669 | [ 97, 733, 1777, 2333 ]
671 | [ 149, 1747, 13, 4093 ]
679 | [ 661, 839, 163, 2777 ]
681 | [ 229, 83, 107, 7321 ]
685 | [ 3917, 1283, 61, 163 ]
687 | [ 1627, 4133, 467, 557 ]
689 | [ 991, 6971, 503, 6971 ]
695 | [ 1381, 9743, 797, 3709 ]
697 | [ 5399, 761, 173, 3023 ]
699 | [ 3631, 1559, 89, 89 ]
703 | [ 353, 571, 53, 9871 ]
707 | [ 6203, 1361, 173, 4157 ]
713 | [ 3221, 2593, 19, 4817 ]
717 | [ 433, 4957, 41, 27791 ]
721 | [ 3671, 2683, 601, 10487 ]
723 | [ 2417, 401, 317, 1117 ]
731 | [ 311, 5651, 239, 1061 ]
737 | [ 2707, 2347, 1619, 2377 ]
745 | [ 661, 1951, 103, 907 ]
749 | [ 1307, 3221, 73, 9677 ]
753 | [ 1549, 643, 19, 5167 ]
755 | [ 59, 2767, 193, 461 ]
763 | [ 97, 5227, 677, 4933 ]
767 | [ 2311, 1091, 307, 887 ]
771 | [ 157, 2909, 137, 3461 ]
779 | [ 1187, 2617, 881, 8087 ]
781 | [ 2861, 709, 263, 28279 ]
785 | [ 1607, 2113, 3, 2267 ]
789 | [ 1249, 131, 313, 1997 ]
791 | [ 3361, 127, 107, 181 ]
793 | [ 631, 12619, 463, 3583 ]
799 | [ 463, 941, 197, 29989 ]
803 | [ 349, 1019, 211, 7457 ]
807 | [ 3371, 563, 281, 281 ]
813 | [ 5, 1973, 11, 311 ]
815 | [ 397, 2609, 293, 293 ]
817 | [ 6857, 2311, 17, 23981 ]
831 | [ 1117, 269, 467, 269 ]
835 | [ 569, 101, 439, 10301 ]
843 | [ 2459, 1097, 31, 11657 ]
849 | [ 3719, 2731, 317, 2579 ]
851 | [ 1949, 11351, 401, 7309 ]
865 | [ 223, 3499, 431, 929 ]
869 | [ 1229, 3023, 739, 10993 ]
871 | [ 409, 6133, 1783, 8219 ]
879 | [ 2083, 479, 109, 17053 ]
889 | [ 8933, 557, 433, 523 ]
893 | [ 2777, 307, 317, 13457 ]
895 | [ 14717, 1543, 29, 349 ]
899 | [ 1213, 8273, 269, 11113 ]
901 | [ 7789, 10831, 271, 2621 ]
905 | [ 1721, 863, 151, 2131 ]
913 | [ 167, 10301, 29, 17579 ]
917 | [ 4919, 983, 463, 10651 ]
921 | [ 1231, 233, 5, 1223 ]
923 | [ 1597, 439, 139, 9743 ]
933 | [ 1223, 1553, 37, 37 ]
939 | [ 2389, 1597, 67, 2591 ]
943 | [ 853, 10457, 113, 2713 ]
949 | [ 2687, 7229, 1489, 5107 ]
951 | [ 103, 3433, 181, 5081 ]
955 | [ 127, 2161, 59, 3779 ]
959 | [ 601, 3623, 97, 2657 ]
965 | [ 3329, 3463, 1439, 3463 ]
973 | [ 251, 421, 499, 15679 ]
979 | [ 71, 1831, 677, 3697 ]
985 | [ 313, 829, 307, 907 ]
989 | [ 107, 3931, 83, 101 ]
993 | [ 5813, 401, 19, 821 ]
995 | [ 739, 691, 449, 6469 ]
1003 | [ 2699, 1607, 359, 4603 ]
1007 | [ 1103, 1163, 337, 8537 ]
1011 | [ 881, 557, 7, 557 ]
1027 | [ 6703, 8999, 281, 109 ]
1037 | [ 317, 5227, 353, 19 ]
1041 | [ 239, 2309, 269, 733 ]
1043 | [ 1733, 829, 199, 3121 ]
1047 | [ 19571, 5653, 331, 881 ]
1055 | [ 149, 3449, 53, 827 ]
1057 | [ 1847, 1801, 1009, 2273 ]
1059 | [ 2399, 2857, 227, 811 ]
1067 | [ 1487, 2207, 373, 20173 ]
1073 | [ 1873, 1399, 59, 1399 ]
1077 | [ 419, 4373, 41, 12239 ]
1079 | [ 359, 2521, 61, 21157 ]
1081 | [ 563, 2609, 173, 2609 ]
1099 | [ 10357, 1301, 251, 17989 ]
1101 | [ 131, 3079, 83, 7757 ]
1111 | [ 443, 7877, 311, 1811 ]
1115 | [ 3607, 1249, 19, 6971 ]
1119 | [ 17519, 2039, 19, 2039 ]
1121 | [ 5021, 1493, 1637, 3547 ]
1133 | [ 5413, 6217, 241, 3671 ]
1135 | [ 103, 2677, 277, 38569 ]
1137 | [ 113, 2203, 389, 3911 ]
1139 | [ 3347, 191, 821, 2503 ]
1141 | [ 2833, 7417, 11, 16691 ]
1145 | [ 4127, 1277, 3, 4051 ]
1147 | [ 19, 15173, 103, 15131 ]
1149 | [ 1367, 1303, 751, 23539 ]
1157 | [ 4861, 6197, 31, 7793 ]
1159 | [ 227, 1879, 179, 1223 ]
1165 | [ 13, 4877, 29, 8747 ]
1167 | [ 7237, 773, 223, 6733 ]
1169 | [ 89, 2089, 617, 883 ]
1177 | [ 421, 157, 179, 2699 ]
1189 | [ 7621, 7109, 83, 1567 ]
1191 | [ 89, 1129, 131, 7817 ]
1195 | [ 277, 2309, 109, 11437 ]
1199 | [ 5009, 5591, 487, 53549 ]
1203 | [ 2879, 601, 557, 17987 ]
1205 | [ 293, 1571, 131, 1571 ]
1207 | [ 5023, 2237, 373, 1451 ]
1211 | [ 5021, 2161, 103, 4397 ]
1219 | [ 1429, 1993, 5, 36739 ]
1227 | [ 1453, 997, 293, 827 ]
1241 | [ 503, 4649, 523, 10247 ]
1243 | [ 2039, 1439, 389, 35677 ]
1247 | [ 6257, 11447, 593, 5303 ]
1253 | [ 3371, 2411, 31, 4957 ]
1255 | [ 11279, 14759, 59, 3347 ]
1257 | [ 127, 1297, 13, 6871 ]
1261 | [ 5839, 1301, 211, 3457 ]
1263 | [ 6449, 3407, 103, 1559 ]
1267 | [ 269, 23, 683, 10631 ]
1271 | [ 11, 5563, 239, 2711 ]
1273 | [ 823, 9323, 269, 42397 ]
1285 | [ 4549, 3307, 557, 2531 ]
1293 | [ 433, 1607, 41, 9859 ]
1299 | [ 3701, 2647, 173, 4339 ]
1313 | [ 4987, 601, 71, 13679 ]
1315 | [ 2729, 691, 379, 10337 ]
1317 | [ 31, 577, 7, 163 ]
1329 | [ 503, 1493, 11, 7127 ]
1333 | [ 10729, 1439, 359, 18637 ]
1337 | [ 1123, 79, 13, 4127 ]
1339 | [ 12347, 71, 887, 27997 ]
1343 | [ 257, 1613, 251, 23593 ]
1345 | [ 373, 223, 179, 4093 ]
1347 | [ 4733, 8581, 241, 4651 ]
1349 | [ 5107, 163, 257, 25889 ]
1351 | [ 12011, 613, 79, 79 ]
1355 | [ 3259, 3, 433, 857 ]
1357 | [ 2749, 2753, 251, 5501 ]
1363 | [ 2647, 10067, 419, 991 ]
1371 | [ 2957, 1259, 593, 13163 ]
1379 | [ 757, 1753, 661, 1753 ]
1383 | [ 1049, 3851, 211, 13781 ]
1385 | [ 11807, 6947, 131, 487 ]
1387 | [ 1459, 41, 1693, 5237 ]
1389 | [ 2699, 2417, 313, 227 ]
1391 | [ 4271, 6007, 881, 5501 ]
1393 | [ 6871, 919, 701, 701 ]
1397 | [ 8839, 6067, 797, 23059 ]
1401 | [ 2729, 131, 113, 1483 ]
1403 | [ 7877, 8269, 673, 2237 ]
1405 | [ 5419, 1669, 23, 1559 ]
1411 | [ 1259, 3517, 97, 36541 ]
1415 | [ 17, 373, 47, 463 ]
1417 | [ 419, 9013, 389, 9467 ]
1437 | [ 1787, 2447, 313, 853 ]
1441 | [ 5779, 5407, 977, 26107 ]
1457 | [ 3323, 929, 463, 21773 ]
1461 | [ 389, 4549, 7, 1021 ]
1465 | [ 8807, 683, 1193, 9613 ]
1469 | [ 9403, 1297, 587, 6491 ]
1473 | [ 13691, 1153, 929, 3011 ]
1477 | [ 227, 13291, 277, 2287 ]
1497 | [ 227, 197, 5, 1289 ]
1501 | [ 241, 1847, 137, 25603 ]
1507 | [ 977, 2843, 113, 5297 ]
1509 | [ 17, 1877, 2411, 15749 ]
1513 | [ 1531, 8089, 1459, 2371 ]
1517 | [ 839, 137, 1283, 8761 ]
1527 | [ 3, 17389, 859, 16937 ]
1529 | [ 5021, 5009, 331, 8537 ]
1535 | [ 2689, 4813, 71, 36721 ]
1537 | [ 10601, 5087, 139, 3181 ]
1541 | [ 6323, 739, 313, 37447 ]
1555 | [ 3637, 1951, 61, 1493 ]
1561 | [ 631, 2137, 61, 61 ]
1563 | [ 2237, 863, 349, 13009 ]
1565 | [ 293, 3643, 1237, 13339 ]
1569 | [ 1973, 2843, 109, 2039 ]
1577 | [ 5333, 2671, 97, 3049 ]
1585 | [ 4547, 967, 149, 967 ]
1589 | [ 11719, 13487, 193, 33937 ]
1591 | [ 293, 2203, 101, 17569 ]
1603 | [ 1201, 3023, 239, 34511 ]
1623 | [ 787, 1567, 37, 8243 ]
1631 | [ 419, 2671, 449, 4231 ]
1633 | [ 563, 5419, 139, 683 ]
1639 | [ 11087, 449, 431, 5333 ]
1641 | [ 2939, 457, 241, 241 ]
1643 | [ 6481, 167, 241, 2477 ]
1649 | [ 15361, 1669, 859, 359 ]
1651 | [ 373, 3089, 401, 36389 ]
1655 | [ 113, 653, 149, 2129 ]
1661 | [ 2137, 14249, 313, 36073 ]
1671 | [ 2113, 6299, 443, 7013 ]
1673 | [ 2017, 28309, 89, 4691 ]
1679 | [ 18701, 503, 659, 27793 ]
1685 | [ 5051, 809, 43, 2087 ]
1687 | [ 2647, 821, 167, 2593 ]
1689 | [ 15629, 727, 241, 8783 ]
1691 | [ 3391, 6679, 401, 6343 ]
1703 | [ 1319, 34729, 271, 1307 ]
1707 | [ 7757, 3919, 23, 157 ]
1711 | [ 239, 2593, 167, 6203 ]
1713 | [ 10831, 1061, 2017, 1061 ]
1717 | [ 2467, 1381, 127, 347 ]
1727 | [ 1307, 5651, 347, 6607 ]
1731 | [ 571, 503, 7, 503 ]
1735 | [ 2531, 557, 7, 5477 ]
1739 | [ 4567, 8737, 179, 74383 ]
1745 | [ 7937, 23, 31, 7607 ]
1751 | [ 8329, 1231, 173, 1153 ]
1757 | [ 59, 5051, 41, 11177 ]
1761 | [ 727, 1021, 157, 15319 ]
1763 | [ 173, 2657, 1193, 44741 ]
1765 | [ 127, 593, 97, 15361 ]
1769 | [ 2539, 1453, 499, 4211 ]
1779 | [ 1103, 8039, 109, 19709 ]
1781 | [ 4447, 20549, 577, 4463 ]
1793 | [ 4657, 2441, 131, 17419 ]
1795 | [ 2053, 10061, 1579, 4211 ]
1797 | [ 4787, 7393, 47, 5647 ]
1799 | [ 17, 8821, 421, 37277 ]
1803 | [ 11117, 503, 349, 1223 ]
1807 | [ 6469, 3319, 463, 3037 ]
1817 | [ 2683, 227, 1553, 8329 ]
1819 | [ 577, 653, 67, 18077 ]
1821 | [ 11149, 11351, 419, 9491 ]
1829 | [ 3329, 1117, 137, 24611 ]
1835 | [ 1949, 8467, 11, 5869 ]
1837 | [ 47, 8663, 109, 9421 ]
1839 | [ 659, 2797, 211, 211 ]
1841 | [ 6857, 8693, 1039, 13967 ]
1843 | [ 3803, 7753, 241, 4663 ]
1851 | [ 2131, 6079, 151, 3877 ]
1853 | [ 1109, 1733, 823, 163 ]
1857 | [ 61, 4229, 5, 4229 ]
1865 | [ 941, 1831, 223, 4801 ]
1883 | [ 59, 797, 383, 23971 ]
1891 | [ 5717, 1697, 241, 1303 ]
1893 | [ 3613, 4903, 43, 17327 ]
1895 | [ 7481, 2999, 2473, 8089 ]
1897 | [ 7019, 7417, 263, 17851 ]
1903 | [ 2243, 2293, 17, 50101 ]
1909 | [ 9221, 4889, 149, 9791 ]
1915 | [ 3911, 1999, 421, 4951 ]
1919 | [ 2797, 22769, 23, 6701 ]
1921 | [ 33161, 109, 1063, 4993 ]
1923 | [ 6907, 577, 463, 1523 ]
1927 | [ 3067, 5869, 1451, 13907 ]
1929 | [ 101, 7717, 61, 2531 ]
1937 | [ 919, 1831, 163, 1831 ]
1939 | [ 5189, 2663, 127, 15271 ]
1941 | [ 3, 433, 11, 13723 ]
1943 | [ 4139, 3011, 379, 51199 ]
1945 | [ 9133, 9901, 349, 8867 ]
1957 | [ 16417, 2087, 811, 55631 ]
1959 | [ 2017, 1811, 67, 3329 ]
1961 | [ 5741, 5573, 17, 4201 ]
1963 | [ 6883, 6217, 719, 37363 ]
1967 | [ 359, 1831, 257, 14533 ]
1969 | [ 6703, 10651, 1109, 11197 ]
1977 | [ 2137, 10597, 631, 27011 ]
1981 | [ 5059, 3229, 149, 14821 ]
1983 | [ 12107, 1973, 127, 257 ]
1985 | [ 1409, 1381, 67, 3061 ]
1991 | [ 11941, 14879, 463, 5683 ]
2005 | [ 17, 6911, 577, 1087 ]
2019 | [ 2543, 103, 101, 3539 ]
2021 | [ 83, 17417, 101, 27953 ]
2031 | [ 3037, 4259, 587, 20123 ]
2033 | [ 439, 9137, 467, 5011 ]
2041 | [ 3449, 127, 461, 127 ]
2045 | [ 6547, 673, 337, 4513 ]
2047 | [ 7, 409, 47, 18617 ]
2049 | [ 883, 131, 89, 10993 ]
2051 | [ 6277, 8089, 79, 18013 ]
2059 | [ 4021, 557, 101, 27239 ]
2071 | [ 6221, 6451, 31, 19391 ]
2073 | [ 2029, 1747, 83, 9781 ]
2077 | [ 23509, 17291, 149, 5233 ]
2095 | [ 9239, 29027, 17, 12841 ]
2101 | [ 821, 1373, 73, 17851 ]
2103 | [ 2819, 743, 47, 11657 ]
2105 | [ 4289, 13781, 401, 16699 ]
2117 | [ 18457, 21191, 1361, 7213 ]
2119 | [ 877, 7523, 67, 5407 ]
2123 | [ 20959, 18859, 19, 36013 ]
2127 | [ 17389, 11497, 1187, 3923 ]
2147 | [ 9091, 48397, 149, 4673 ]
2149 | [ 4219, 9227, 317, 42727 ]
2155 | [ 349, 13127, 257, 967 ]
2157 | [ 641, 17351, 47, 9043 ]
2159 | [ 7019, 2687, 709, 709 ]
2165 | [ 2243, 5857, 479, 2371 ]
2167 | [ 32057, 9161, 433, 27427 ]
2171 | [ 16127, 4201, 811, 22613 ]
2173 | [ 20333, 57097, 541, 571 ]
2177 | [ 5527, 1487, 463, 829 ]
2181 | [ 401, 32839, 1031, 137 ]
2183 | [ 151, 547, 577, 36269 ]
2189 | [ 2741, 6917, 1063, 7937 ]
2191 | [ 5351, 47629, 47, 1031 ]
2195 | [ 4177, 6131, 167, 15217 ]
2199 | [ 2473, 8629, 251, 13619 ]
2201 | [ 9931, 5701, 313, 11057 ]
2215 | [ 15823, 9337, 593, 19681 ]
2217 | [ 13, 151, 463, 15233 ]
2219 | [ 15271, 1663, 149, 17881 ]
2227 | [ 6247, 16741, 107, 25579 ]
2229 | [ 101, 7829, 83, 8543 ]
2231 | [ 7331, 18917, 1663, 20369 ]
2245 | [ 367, 83, 787, 8699 ]
2249 | [ 277, 13463, 853, 2141 ]
2253 | [ 6563, 4999, 491, 1283 ]
2257 | [ 1759, 3607, 113, 3607 ]
2263 | [ 5419, 5987, 211, 22123 ]
2271 | [ 27107, 6529, 193, 4993 ]
2279 | [ 14557, 2131, 271, 25373 ]
2283 | [ 3413, 373, 89, 87433 ]
2285 | [ 23819, 1801, 107, 2971 ]
2291 | [ 3631, 26041, 167, 7211 ]
2305 | [ 4783, 19211, 281, 4157 ]
2307 | [ 12263, 4001, 31, 4597 ]
2315 | [ 5867, 2131, 389, 5209 ]
2317 | [ 27701, 3547, 13, 2339 ]
2319 | [ 8681, 12979, 359, 10247 ]
2321 | [ 73, 1877, 67, 2719 ]
2323 | [ 21163, 17749, 277, 6967 ]
2327 | [ 2801, 3779, 1153, 9221 ]
2329 | [ 13121, 16607, 463, 9511 ]
2335 | [ 10781, 1297, 139, 21323 ]
2353 | [ 109, 3313, 983, 3739 ]
2359 | [ 2003, 4733, 43, 7351 ]
2361 | [ 2251, 7643, 1193, 2141 ]
2363 | [ 4337, 5059, 211, 52027 ]
2369 | [ 359, 12437, 751, 15299 ]
2391 | [ 6547, 6053, 193, 35801 ]
2395 | [ 11701, 2027, 23, 135211 ]
2407 | [ 1193, 32327, 113, 10861 ]
2413 | [ 5737, 643, 227, 56179 ]
2419 | [ 3187, 31517, 73, 27191 ]
2427 | [ 419, 5351, 101, 4733 ]
2429 | [ 15131, 13267, 1019, 19231 ]
2433 | [ 2083, 8093, 317, 8627 ]
2435 | [ 5711, 20897, 691, 13043 ]
2443 | [ 2857, 163, 839, 77239 ]
2449 | [ 163, 18911, 59, 22727 ]
2453 | [ 661, 2027, 103, 82013 ]
2455 | [ 30491, 1613, 193, 2633 ]
2461 | [ 211, 8167, 859, 37489 ]
2463 | [ 10771, 569, 521, 3917 ]
2469 | [ 3709, 15937, 479, 8377 ]
2471 | [ 16747, 7211, 599, 34849 ]
2479 | [ 5791, 257, 1187, 28703 ]
2481 | [ 1103, 751, 281, 22189 ]
2483 | [ 16249, 3691, 331, 4591 ]
2487 | [ 2699, 337, 467, 773 ]
2489 | [ 28081, 1543, 643, 12109 ]
2491 | [ 8317, 5099, 167, 10859 ]
2495 | [ 9791, 3347, 359, 6569 ]
2497 | [ 26237, 1783, 661, 5527 ]
2501 | [ 31, 1483, 199, 1483 ]
2507 | [ 19273, 2543, 673, 6373 ]
2509 | [ 3581, 1873, 1867, 11551 ]
2513 | [ 5413, 27043, 373, 19139 ]
2515 | [ 73, 14887, 109, 22697 ]
2517 | [ 46457, 2657, 587, 1187 ]
2519 | [ 6899, 10243, 29, 3407 ]
2533 | [ 127, 2251, 2203, 2251 ]
2537 | [ 37561, 13513, 251, 9649 ]
2545 | [ 6311, 1429, 601, 691 ]
2559 | [ 2069, 21871, 103, 14549 ]
2561 | [ 1931, 1831, 131, 1831 ]
2563 | [ 853, 36097, 23, 5323 ]
2567 | [ 4447, 8677, 353, 2377 ]
2569 | [ 16061, 18433, 1051, 39079 ]
2571 | [ 2137, 491, 113, 5437 ]
2573 | [ 9011, 1289, 23, 1277 ]
2577 | [ 1051, 8609, 347, 8609 ]
2581 | [ 93581, 1049, 271, 15767 ]
2587 | [ 7127, 23039, 449, 8429 ]
2589 | [ 4733, 647, 809, 4957 ]
2599 | [ 2423, 15569, 131, 14627 ]
2603 | [ 1709, 2699, 23, 5737 ]
2605 | [ 8713, 1229, 661, 6133 ]
2611 | [ 397, 28807, 59, 6361 ]
2615 | [ 1373, 12907, 887, 41593 ]
2623 | [ 1487, 16823, 37, 51407 ]
2627 | [ 5003, 14717, 653, 8209 ]
2629 | [ 7109, 2381, 73, 3407 ]
2631 | [ 3761, 151, 659, 14783 ]
2641 | [ 6997, 21191, 83, 2707 ]
2643 | [ 71, 347, 37, 21467 ]
2649 | [ 3907, 2423, 241, 2423 ]
2651 | [ 8111, 9883, 541, 34183 ]
2653 | [ 5431, 23357, 641, 1481 ]
2661 | [ 13297, 3253, 2609, 2711 ]
2669 | [ 6113, 1303, 149, 1303 ]
2681 | [ 12791, 12841, 509, 55337 ]
2701 | [ 18553, 31699, 359, 10883 ]
2705 | [ 3853, 21821, 101, 8527 ]
2721 | [ 1061, 4057, 367, 16729 ]
2723 | [ 3911, 2017, 653, 41659 ]
2733 | [ 33161, 5851, 313, 29191 ]
2735 | [ 431, 6911, 31, 15959 ]
2743 | [ 23, 11087, 1231, 32323 ]
2747 | [ 83, 4889, 151, 9181 ]
2757 | [ 4201, 5839, 379, 3491 ]
2759 | [ 449, 8821, 691, 24421 ]
2761 | [ 23689, 4793, 1069, 46049 ]
2771 | [ 4657, 10169, 359, 59707 ]
2773 | [ 859, 17903, 53, 593 ]
2779 | [ 2857, 12263, 193, 7151 ]
2785 | [ 1237, 8231, 769, 8231 ]
2787 | [ 397, 9733, 1607, 2689 ]
2807 | [ 5077, 967, 359, 30403 ]
2811 | [ 15053, 27697, 701, 509 ]
2813 | [ 2203, 10181, 19, 7669 ]
2815 | [ 109, 3931, 197, 110947 ]
2823 | [ 5347, 1327, 19, 14929 ]
2827 | [ 41131, 16619, 383, 6791 ]
2831 | [ 2887, 38083, 251, 7129 ]
2839 | [ 1811, 43961, 877, 1523 ]
2841 | [ 33703, 46769, 131, 22621 ]
2845 | [ 3727, 9319, 853, 10391 ]
2855 | [ 269, 3191, 1223, 3253 ]
2859 | [ 757, 6679, 601, 37463 ]
2863 | [ 1361, 3911, 2593, 12919 ]
2867 | [ 2971, 3001, 271, 3229 ]
2869 | [ 3919, 3863, 601, 827 ]
2881 | [ 6229, 7393, 83, 31247 ]
2885 | [ 3347, 9337, 373, 9679 ]
2893 | [ 32993, 26713, 499, 13367 ]
2899 | [ 30137, 9907, 2503, 14341 ]
2901 | [ 6571, 6857, 19, 2539 ]
2911 | [ 11719, 39397, 97, 9281 ]
2913 | [ 2663, 1657, 821, 15401 ]
2921 | [ 52817, 36767, 599, 7933 ]
2923 | [ 3779, 4457, 113, 8293 ]
2929 | [ 11597, 17383, 31, 11447 ]
2931 | [ 3719, 607, 107, 10889 ]
2933 | [ 383, 1559, 137, 23431 ]
2935 | [ 10141, 10859, 1459, 29383 ]
2941 | [ 1619, 6389, 257, 103 ]
2947 | [ 911, 3767, 53, 33479 ]
2949 | [ 2551, 6829, 101, 443 ]
2951 | [ 9511, 2551, 127, 22283 ]
2959 | [ 41443, 521, 193, 92467 ]
2965 | [ 19, 33073, 839, 8171 ]
2973 | [ 11971, 3389, 281, 1091 ]
2977 | [ 2789, 15439, 467, 4021 ]
2981 | [ 2887, 701, 1103, 25301 ]
2983 | [ 19163, 2267, 1801, 49727 ]
2987 | [ 1511, 3209, 43, 1013 ]
2991 | [ 24197, 3739, 83, 7673 ]
2993 | [ 19391, 22741, 2347, 8669 ]
2995 | [ 7, 9397, 13, 197 ]
3005 | [ 11317, 1459, 173, 6311 ]
3007 | [ 27527, 12377, 23, 23 ]
3013 | [ 20341, 4217, 5, 23567 ]
3017 | [ 7477, 463, 347, 14057 ]
3027 | [ 2131, 10559, 137, 1733 ]
3029 | [ 9521, 5261, 479, 13163 ]
3031 | [ 4229, 9901, 557, 53633 ]
3035 | [ 1213, 27239, 191, 37783 ]
3039 | [ 4079, 757, 181, 23537 ]
3043 | [ 36767, 157, 337, 44777 ]
3047 | [ 18289, 307, 1283, 23057 ]
3053 | [ 107, 4363, 139, 971 ]
3057 | [ 23431, 1033, 113, 32027 ]
3063 | [ 11731, 6263, 313, 11117 ]
3065 | [ 4513, 5827, 571, 8779 ]
3071 | [ 18743, 6043, 2099, 6199 ]
3073 | [ 2137, 42703, 19, 31013 ]
3077 | [ 2437, 25447, 887, 7487 ]
3085 | [ 3019, 22189, 13, 5807 ]
3091 | [ 631, 2633, 811, 7517 ]
3093 | [ 929, 8513, 223, 19213 ]
3095 | [ 2557, 829, 701, 11047 ]
3097 | [ 8017, 17609, 461, 15809 ]
3099 | [ 2633, 2131, 223, 6011 ]
3101 | [ 45979, 9791, 239, 12541 ]
3103 | [ 33161, 3491, 199, 41969 ]
3107 | [ 4003, 12637, 1553, 5393 ]
3113 | [ 23, 3083, 109, 4549 ]
3117 | [ 1597, 23473, 83, 3863 ]
3127 | [ 14303, 29077, 647, 2777 ]
3131 | [ 49277, 2477, 1619, 51419 ]
3133 | [ 7607, 5171, 449, 5171 ]
3139 | [ 89, 1553, 139, 52249 ]
3143 | [ 7723, 9277, 977, 18617 ]
3147 | [ 22937, 3011, 523, 10973 ]
3149 | [ 103409, 16481, 1951, 8969 ]
3151 | [ 31, 12919, 971, 57037 ]
3153 | [ 419, 17939, 1319, 8273 ]
3155 | [ 10453, 16451, 151, 4049 ]
3161 | [ 7477, 23627, 443, 15077 ]
3173 | [ 1889, 3881, 139, 139 ]
3183 | [ 1291, 2411, 1009, 16249 ]
3189 | [ 2549, 2399, 1117, 2399 ]
3193 | [ 617, 1399, 137, 18587 ]
3197 | [ 7309, 1201, 2861, 1201 ]
3199 | [ 17, 1031, 349, 20023 ]
3205 | [ 29, 1723, 509, 16273 ]
3207 | [ 21433, 9533, 521, 6173 ]
3215 | [ 7489, 251, 149, 3739 ]
3223 | [ 22639, 2437, 139, 3967 ]
3227 | [ 9209, 3853, 79, 14407 ]
3233 | [ 1913, 5903, 389, 5903 ]
3235 | [ 4283, 4703, 607, 8461 ]
3239 | [ 9473, 1609, 367, 18523 ]
3241 | [ 20011, 12911, 1583, 5419 ]
3247 | [ 3919, 20089, 131, 643 ]
3261 | [ 541, 1861, 151, 7879 ]
3263 | [ 4357, 6983, 199, 10271 ]
3265 | [ 15329, 1609, 7, 14537 ]
3269 | [ 2003, 1033, 197, 48437 ]
3273 | [ 29251, 1493, 1523, 3343 ]
3277 | [ 4049, 34483, 283, 619 ]
3279 | [ 809, 9511, 17, 3797 ]
3281 | [ 151, 36251, 353, 13421 ]
3287 | [ 19427, 57709, 2287, 53087 ]
3291 | [ 4391, 3677, 883, 6323 ]
3293 | [ 12109, 2731, 5, 1951 ]
3295 | [ 1933, 17837, 19, 7057 ]
3305 | [ 19751, 14633, 577, 14633 ]
3309 | [ 24137, 7043, 641, 19753 ]
3317 | [ 13693, 937, 571, 51637 ]
3327 | [ 7307, 1213, 149, 149 ]
3337 | [ 37, 19507, 2903, 66751 ]
3341 | [ 9907, 1429, 1129, 9029 ]
3349 | [ 9649, 7211, 163, 7211 ]
3351 | [ 691, 6521, 227, 6521 ]
3353 | [ 733, 6101, 2551, 20117 ]
3365 | [ 4421, 1741, 23, 1439 ]
3369 | [ 16787, 9967, 257, 16631 ]
3377 | [ 1429, 6079, 139, 24527 ]
3379 | [ 18917, 4153, 1291, 19751 ]
3383 | [ 21001, 23371, 419, 173573 ]
3385 | [ 4691, 12641, 347, 25339 ]
3387 | [ 7547, 15629, 419, 5879 ]
3397 | [ 19009, 2969, 359, 8737 ]
3401 | [ 18451, 2467, 1039, 18979 ]
3403 | [ 6323, 1093, 673, 13003 ]
3409 | [ 991, 2417, 1439, 20753 ]
3415 | [ 11719, 17789, 17, 4217 ]
3419 | [ 18233, 3251, 379, 4363 ]
3421 | [ 2251, 2731, 937, 1867 ]
3427 | [ 19583, 20117, 433, 433 ]
3431 | [ 10457, 24851, 827, 70327 ]
3437 | [ 4861, 3307, 569, 8179 ]
3439 | [ 2699, 6323, 149, 5351 ]
3443 | [ 4583, 11593, 191, 11699 ]
3453 | [ 54413, 2887, 1409, 60457 ]
3455 | [ 24197, 5381, 29, 3463 ]
3459 | [ 5881, 16661, 761, 16661 ]
3473 | [ 313, 15791, 503, 2753 ]
3487 | [ 269, 13697, 383, 16411 ]
3489 | [ 839, 1523, 31, 13267 ]
3493 | [ 19319, 8387, 1621, 2531 ]
3497 | [ 10973, 16333, 491, 16699 ]
3503 | [ 1613, 1987, 433, 53897 ]
3505 | [ 5387, 19913, 179, 8219 ]
3513 | [ 18127, 17539, 227, 22859 ]
3521 | [ 4639, 3229, 811, 5869 ]
3523 | [ 35797, 17239, 503, 49891 ]
3543 | [ 7879, 58099, 31, 34963 ]
3545 | [ 3557, 3361, 359, 9103 ]
3551 | [ 4507, 13711, 199, 4201 ]
3561 | [ 20441, 59, 1171, 121579 ]
3563 | [ 919, 4021, 2609, 47777 ]
3569 | [ 4019, 853, 617, 911 ]
3579 | [ 18253, 14347, 593, 17509 ]
3587 | [ 7699, 1823, 103, 54091 ]
3589 | [ 42853, 10253, 137, 4493 ]
3595 | [ 49669, 30491, 443, 12109 ]
3599 | [ 9397, 30557, 883, 34739 ]
3601 | [ 3323, 211, 331, 6047 ]
3603 | [ 32801, 29077, 11, 3881 ]
3611 | [ 9133, 7963, 431, 12203 ]
3629 | [ 3187, 12967, 739, 27943 ]
3635 | [ 8243, 571, 997, 9151 ]
3639 | [ 13799, 23203, 97, 14951 ]
3641 | [ 139, 17497, 241, 193 ]
3647 | [ 6547, 2843, 101, 9623 ]
3649 | [ 14057, 29833, 269, 70451 ]
3651 | [ 19997, 8093, 607, 18223 ]
3653 | [ 14321, 12647, 193, 9967 ]
3661 | [ 43579, 36653, 251, 41981 ]
3665 | [ 2549, 7541, 293, 13399 ]
3667 | [ 33809, 18671, 439, 43997 ]
3669 | [ 4391, 8161, 547, 3727 ]
3679 | [ 2069, 1193, 1933, 8171 ]
3683 | [ 26539, 29027, 283, 7457 ]
3687 | [ 15401, 11261, 23, 23 ]
3693 | [ 2251, 29231, 457, 54833 ]
3695 | [ 5981, 22013, 131, 24611 ]
3707 | [ 1709, 61643, 2029, 20641 ]
3711 | [ 1627, 2549, 107, 14327 ]
3713 | [ 5113, 71171, 461, 26297 ]
3715 | [ 103, 9137, 109, 50753 ]
3737 | [ 10487, 11887, 223, 11887 ]
3743 | [ 1571, 16061, 11, 811 ]
3747 | [ 409, 2887, 197, 8641 ]
3749 | [ 18077, 4871, 167, 39139 ]
3755 | [ 11059, 1049, 1061, 80447 ]
3763 | [ 14479, 18149, 137, 21187 ]
3777 | [ 4801, 1543, 733, 14783 ]
3781 | [ 9013, 7681, 89, 181 ]
3785 | [ 13469, 26713, 2423, 26987 ]
3787 | [ 14683, 3643, 59, 2539 ]
3791 | [ 3137, 29527, 1877, 3673 ]
3799 | [ 28289, 4507, 1297, 12959 ]
3805 | [ 28493, 7459, 863, 2677 ]
3809 | [ 16067, 1709, 211, 44389 ]
3811 | [ 19013, 42683, 359, 10861 ]
3817 | [ 1283, 32009, 23, 11863 ]
3827 | [ 7727, 3181, 347, 34687 ]
3829 | [ 21011, 3079, 281, 3079 ]
3831 | [ 1777, 101, 547, 18251 ]
3837 | [ 9973, 6199, 613, 5867 ]
3839 | [ 19289, 16453, 919, 72481 ]
3841 | [ 33893, 19289, 1867, 9781 ]
3845 | [ 11299, 7621, 443, 1373 ]
3849 | [ 11827, 6473, 239, 57047 ]
3859 | [ 24121, 35107, 59, 18043 ]
3865 | [ 27827, 30169, 887, 1471 ]
3867 | [ 821, 7477, 1231, 20771 ]
3869 | [ 2803, 45083, 757, 2789 ]
3873 | [ 6977, 2797, 631, 7499 ]
3883 | [ 9859, 2131, 257, 4231 ]
3891 | [ 593, 13009, 617, 6029 ]
3893 | [ 12377, 11057, 157, 2671 ]
3899 | [ 4481, 9137, 457, 76003 ]
3901 | [ 3919, 2447, 37, 7507 ]
3903 | [ 14629, 20807, 29, 37337 ]
3909 | [ 8527, 7523, 797, 3119 ]
3921 | [ 3121, 5657, 157, 74623 ]
3935 | [ 4007, 167, 317, 52313 ]
3937 | [ 16301, 15959, 283, 148829 ]
3941 | [ 1543, 11243, 4447, 47951 ]
3949 | [ 4259, 23291, 661, 79693 ]
3953 | [ 11483, 9851, 571, 66943 ]
3957 | [ 15271, 4793, 79, 58979 ]
3959 | [ 10597, 16301, 601, 48311 ]
3961 | [ 20327, 2143, 19, 7027 ]
3963 | [ 6151, 5701, 89, 6547 ]
3973 | [ 5519, 11927, 2137, 2137 ]
3977 | [ 91541, 28867, 379, 63487 ]
3979 | [ 13381, 9833, 491, 7057 ]
3981 | [ 617, 9661, 53, 5393 ]
3983 | [ 24709, 9059, 2927, 10069 ]
3985 | [ 2339, 33757, 83, 5693 ]
3991 | [ 1259, 34687, 1871, 86197 ]
3997 | [ 3253, 39019, 89, 1699 ]
4009 | [ 263, 10181, 1117, 12763 ]
4031 | [ 33713, 6199, 727, 38447 ]
4033 | [ 20809, 3343, 29, 3343 ]
4037 | [ 1069, 4973, 271, 14653 ]
4039 | [ 887, 17419, 409, 409 ]
4043 | [ 14951, 27211, 2267, 10627 ]
4045 | [ 29137, 7927, 389, 7927 ]
4055 | [ 29569, 4349, 103, 47 ]
4061 | [ 11633, 19163, 773, 54617 ]
4063 | [ 1493, 50077, 271, 2477 ]
4069 | [ 7489, 11909, 1481, 4871 ]
4083 | [ 13829, 4397, 71, 13187 ]
4087 | [ 5897, 127289, 1201, 84127 ]
4097 | [ 26801, 74719, 83, 4051 ]
4101 | [ 13567, 2789, 163, 9001 ]
4103 | [ 11579, 787, 389, 13033 ]
4105 | [ 3109, 22807, 523, 659 ]
4109 | [ 3407, 28517, 643, 8747 ]
4115 | [ 8123, 6301, 797, 52253 ]
4117 | [ 15641, 6959, 239, 63761 ]
4119 | [ 8087, 17107, 971, 42209 ]
4121 | [ 44017, 29383, 563, 9931 ]
4135 | [ 61043, 5527, 1871, 16063 ]
4141 | [ 4801, 41999, 29, 26951 ]
4143 | [ 22469, 6967, 617, 21011 ]
4145 | [ 12641, 14447, 23, 2843 ]
4151 | [ 18859, 73823, 433, 50909 ]
4163 | [ 9769, 127, 1129, 5003 ]
4169 | [ 1259, 331, 1049, 65519 ]
4171 | [ 16381, 7669, 239, 7079 ]
4181 | [ 8081, 4337, 499, 1543 ]
4183 | [ 47293, 1877, 379, 33893 ]
4187 | [ 23087, 18637, 1637, 3433 ]
4189 | [ 25561, 6911, 1459, 20029 ]
4193 | [ 32579, 34211, 193, 6569 ]
4195 | [ 31, 439, 1987, 4261 ]
4197 | [ 17041, 12823, 79, 4201 ]
4207 | [ 7309, 26539, 547, 4073 ]
4213 | [ 5569, 4567, 199, 70121 ]
4223 | [ 53, 16103, 541, 83969 ]
4227 | [ 21977, 797, 331, 13121 ]
4237 | [ 4001, 1033, 1567, 32027 ]
4247 | [ 21683, 2999, 67, 23167 ]
4249 | [ 69029, 2801, 37, 2473 ]
4265 | [ 16141, 379, 3, 2579 ]
4267 | [ 66413, 2927, 383, 6971 ]
4269 | [ 4967, 1613, 1543, 1613 ]
4279 | [ 14563, 15817, 23, 7013 ]
4281 | [ 2441, 2087, 233, 22531 ]
4285 | [ 17033, 587, 41, 631 ]
4287 | [ 1787, 4657, 263, 15581 ]
4291 | [ 10847, 25349, 881, 21019 ]
4295 | [ 35543, 53681, 151, 12203 ]
4299 | [ 89203, 22777, 1063, 11003 ]
4303 | [ 53923, 11839, 2221, 35051 ]
4307 | [ 12239, 13711, 1327, 22787 ]
4309 | [ 36997, 37307, 191, 16229 ]
4313 | [ 30347, 313, 461, 4003 ]
4315 | [ 7673, 10243, 53, 9371 ]
4317 | [ 24763, 25759, 631, 2207 ]
4319 | [ 571, 19463, 53, 7019 ]
4321 | [ 7963, 68767, 1301, 3967 ]
4331 | [ 503, 1931, 47, 68209 ]
4333 | [ 9241, 2341, 4127, 132761 ]
4341 | [ 14557, 593, 709, 4799 ]
4343 | [ 26111, 1579, 1999, 62851 ]
4351 | [ 10753, 13, 1901, 13 ]
4353 | [ 33941, 271, 373, 46639 ]
4359 | [ 1061, 449, 967, 449 ]
4367 | [ 1583, 4801, 157, 34033 ]
4369 | [ 15131, 16829, 593, 53171 ]
4377 | [ 167, 691, 317, 857 ]
4379 | [ 10193, 49363, 191, 38377 ]
4381 | [ 42461, 5639, 73, 3671 ]
4385 | [ 3917, 4349, 137, 31 ]
4387 | [ 11579, 1481, 397, 52667 ]
4393 | [ 21617, 23893, 433, 35603 ]
4399 | [ 6833, 8263, 1723, 16411 ]
4405 | [ 1931, 10159, 227, 1487 ]
4411 | [ 24709, 6311, 547, 36469 ]
4413 | [ 16987, 23197, 23, 11987 ]
4415 | [ 20287, 25717, 151, 13499 ]
4417 | [ 16333, 26699, 11, 2377 ]
4427 | [ 1777, 2837, 71, 26003 ]
4429 | [ 33181, 2819, 23, 147977 ]
4435 | [ 47737, 5647, 103, 103 ]
4439 | [ 1493, 34147, 53, 31123 ]
4443 | [ 14011, 11257, 11, 67631 ]
4449 | [ 23663, 36913, 2659, 1301 ]
4453 | [ 8387, 11551, 409, 16763 ]
4461 | [ 36433, 4999, 457, 35977 ]
4467 | [ 19777, 12421, 7, 37379 ]
4469 | [ 2069, 8693, 1559, 1171 ]
4471 | [ 2129, 15331, 137, 30949 ]
4479 | [ 40127, 101, 1259, 1259 ]
4487 | [ 35933, 11491, 293, 9619 ]
4497 | [ 2441, 13003, 149, 39929 ]
4499 | [ 4447, 6871, 1367, 45821 ]
4501 | [ 6133, 173, 1163, 142567 ]
4511 | [ 8887, 56951, 4583, 30293 ]
4529 | [ 8677, 41131, 653, 96787 ]
4531 | [ 7549, 5923, 307, 31663 ]
4533 | [ 1721, 26713, 311, 91967 ]
4535 | [ 16901, 33749, 1759, 5701 ]
4537 | [ 39569, 1607, 599, 30391 ]
4541 | [ 11071, 3019, 2161, 223211 ]
4553 | [ 797, 12983, 487, 12983 ]
4555 | [ 941, 15803, 227, 24623 ]
4559 | [ 31063, 1777, 5419, 61643 ]
4569 | [ 10987, 1091, 1097, 40063 ]
4571 | [ 293, 503, 2131, 88223 ]
4573 | [ 5303, 7717, 1861, 3457 ]
4577 | [ 1697, 6163, 797, 19739 ]
4579 | [ 16091, 42821, 743, 6473 ]
4589 | [ 13597, 57331, 311, 5119 ]
4593 | [ 6737, 9733, 163, 26297 ]
4595 | [ 73, 27031, 281, 98711 ]
4601 | [ 8513, 3301, 337, 18229 ]
4607 | [ 5113, 24859, 59, 87223 ]
4609 | [ 55997, 39313, 787, 39313 ]
4613 | [ 8501, 397, 467, 397 ]
4619 | [ 56681, 31249, 101, 223 ]
4627 | [ 10079, 16339, 1447, 55933 ]
4629 | [ 1783, 16063, 281, 839 ]
4631 | [ 8609, 7129, 317, 9857 ]
4633 | [ 39901, 27631, 757, 2351 ]
4645 | [ 6271, 2797, 1031, 3323 ]
4647 | [ 8527, 6491, 1163, 4231 ]
4659 | [ 68633, 12503, 937, 53773 ]
4661 | [ 40559, 499, 389, 139907 ]
4667 | [ 28603, 11897, 2467, 8053 ]
4677 | [ 17489, 2467, 1307, 43517 ]
4681 | [ 23473, 14083, 631, 13463 ]
4685 | [ 119311, 11969, 2971, 5569 ]
4687 | [ 26119, 22721, 263, 31657 ]
4699 | [ 9533, 3163, 349, 7151 ]
4701 | [ 6829, 24181, 167, 9421 ]
4705 | [ 36187, 10273, 19, 9491 ]
4709 | [ 28297, 22691, 149, 743 ]
4711 | [ 11383, 10399, 2087, 4051 ]
4713 | [ 1381, 30557, 577, 20887 ]
4717 | [ 1741, 22721, 1933, 3461 ]
4727 | [ 5521, 15493, 599, 104743 ]
4735 | [ 23459, 50459, 97, 49069 ]
4737 | [ 10463, 1109, 227, 23369 ]
4739 | [ 20431, 839, 47, 1289 ]
4741 | [ 1619, 19861, 751, 3733 ]
4747 | [ 1889, 62753, 1933, 8539 ]
4749 | [ 11369, 809, 823, 56123 ]
4757 | [ 52237, 6581, 101, 81041 ]
4763 | [ 11173, 3299, 17, 19423 ]
4765 | [ 31721, 5171, 491, 4813 ]
4769 | [ 66533, 26903, 631, 25667 ]
4771 | [ 4157, 3691, 613, 92623 ]
4777 | [ 8447, 116657, 53, 349 ]
4781 | [ 39133, 21467, 4241, 4937 ]
4791 | [ 27407, 29671, 547, 3779 ]
4803 | [ 2861, 941, 97, 6113 ]
4811 | [ 18211, 44123, 683, 7309 ]
4819 | [ 41911, 56167, 1381, 6803 ]
4821 | [ 4561, 2621, 179, 1697 ]
4827 | [ 12227, 107, 223, 107 ]
4829 | [ 29983, 20627, 149, 5821 ]
4835 | [ 3019, 109, 691, 79139 ]
4837 | [ 49391, 18869, 227, 46439 ]
4839 | [ 4919, 71023, 503, 6353 ]
4841 | [ 50587, 56597, 1459, 3257 ]
4843 | [ 4283, 14741, 883, 77773 ]
4847 | [ 829, 62683, 163, 18913 ]
4849 | [ 25073, 17393, 1039, 971 ]
4853 | [ 34781, 4357, 409, 9901 ]
4855 | [ 887, 29501, 103, 197 ]
4857 | [ 20899, 8467, 251, 10091 ]
4859 | [ 17923, 15361, 67, 41443 ]
4863 | [ 2551, 661, 1063, 2897 ]
4867 | [ 18257, 9371, 1697, 88423 ]
4873 | [ 5303, 26863, 2297, 14503 ]
4881 | [ 9787, 499, 571, 19031 ]
4883 | [ 51383, 121313, 181, 181 ]
4885 | [ 881, 8237, 2069, 17863 ]
4891 | [ 6121, 3863, 151, 12979 ]
4897 | [ 23321, 16619, 151, 63241 ]
4907 | [ 1291, 14243, 607, 13327 ]
4911 | [ 2531, 1061, 107, 18013 ]
4915 | [ 19213, 36571, 79, 26723 ]
4927 | [ 1481, 72949, 743, 1453 ]
4939 | [ 19079, 733, 47, 967 ]
4955 | [ 15877, 9463, 1063, 3923 ]
4963 | [ 13967, 22817, 647, 29683 ]
4971 | [ 15083, 18251, 293, 461 ]
4979 | [ 6577, 617, 23, 69697 ]
4981 | [ 25391, 8069, 1523, 239 ]
4985 | [ 7589, 19211, 347, 25537 ]
4989 | [ 12841, 5939, 1307, 5413 ]
4997 | [ 2671, 8969, 383, 2897 ]
5001 | [ 35759, 1583, 757, 22147 ]
5007 | [ 16339, 4723, 367, 10709 ]
5017 | [ 1087, 35023, 11, 27583 ]
5027 | [ 1741, 10771, 37, 5323 ]
5029 | [ 6719, 68891, 197, 77417 ]
5033 | [ 47, 2003, 389, 26921 ]
5045 | [ 881, 101, 7, 8443 ]
5053 | [ 32713, 27617, 1933, 14033 ]
5057 | [ 23753, 4513, 233, 35423 ]
5063 | [ 7757, 79631, 251, 20117 ]
5065 | [ 1487, 43597, 2473, 6427 ]
5069 | [ 7019, 193, 1021, 3733 ]
5071 | [ 1399, 31153, 479, 27743 ]
5079 | [ 2447, 3037, 67, 5309 ]
5089 | [ 100363, 4831, 353, 107071 ]
5091 | [ 5309, 42839, 359, 12379 ]
5093 | [ 10141, 11321, 83, 4397 ]
5095 | [ 31, 373, 1013, 58243 ]
5097 | [ 36697, 46451, 823, 8629 ]
5105 | [ 21937, 34469, 263, 8419 ]
5111 | [ 1669, 47309, 97, 4783 ]
5123 | [ 43691, 2801, 4591, 153379 ]
5127 | [ 43271, 4139, 2671, 11131 ]
5129 | [ 2549, 4339, 163, 39371 ]
5131 | [ 1997, 2713, 977, 18427 ]
5137 | [ 47713, 15359, 617, 2927 ]
5141 | [ 10009, 401, 3217, 28759 ]
5143 | [ 14071, 27647, 379, 11069 ]
5149 | [ 21557, 9377, 499, 10301 ]
5155 | [ 38543, 16903, 1693, 3533 ]
5161 | [ 12421, 33931, 71, 28631 ]
5163 | [ 34897, 83023, 1451, 6781 ]
5165 | [ 2161, 877, 29, 7607 ]
5169 | [ 3769, 3463, 463, 4019 ]
5173 | [ 6911, 25541, 181, 81197 ]
5177 | [ 6691, 4999, 1699, 68669 ]
5183 | [ 10987, 19853, 613, 16447 ]
5191 | [ 5839, 43331, 19, 74597 ]
5195 | [ 5443, 20771, 373, 100057 ]
5199 | [ 24443, 14347, 1021, 52727 ]
5201 | [ 3331, 11261, 17, 2131 ]
5207 | [ 35747, 3539, 349, 14831 ]
5213 | [ 33619, 10867, 2089, 6947 ]
5219 | [ 4691, 331, 1571, 839 ]
5221 | [ 19183, 1951, 2917, 61933 ]
5223 | [ 1123, 1429, 131, 16889 ]
5241 | [ 7883, 31379, 5, 599 ]
5245 | [ 1031, 349, 751, 15731 ]
5249 | [ 5557, 92801, 107, 1451 ]
5251 | [ 859, 32941, 41, 53629 ]
5255 | [ 49363, 1783, 607, 15137 ]
5257 | [ 16763, 12959, 1031, 74027 ]
5259 | [ 6101, 2531, 17, 1789 ]
5263 | [ 8089, 38803, 593, 19273 ]
5267 | [ 5407, 65537, 2239, 93979 ]
5269 | [ 40801, 3911, 1361, 8543 ]
5277 | [ 15361, 8233, 419, 13127 ]
5287 | [ 10303, 117959, 199, 2081 ]
5293 | [ 55807, 8431, 1543, 13901 ]
5299 | [ 14321, 32141, 773, 34261 ]
5305 | [ 10891, 17929, 401, 6091 ]
5311 | [ 61583, 13627, 433, 5987 ]
5315 | [ 7187, 3673, 773, 272933 ]
5317 | [ 25447, 18413, 353, 36551 ]
5321 | [ 35831, 6607, 857, 6653 ]
5327 | [ 23671, 36767, 163, 18401 ]
5331 | [ 12197, 2939, 2131, 23251 ]
5339 | [ 3677, 25147, 37, 6473 ]
5345 | [ 181, 43777, 59, 8867 ]
5349 | [ 3037, 35507, 431, 6569 ]
5353 | [ 5309, 17191, 677, 17191 ]
5357 | [ 36263, 28859, 151, 10093 ]
5359 | [ 7577, 863, 601, 16183 ]
5361 | [ 3361, 7351, 439, 58043 ]
5363 | [ 19387, 6379, 1069, 59509 ]
5367 | [ 6173, 13309, 719, 9497 ]
5371 | [ 15187, 28201, 7, 5153 ]
5377 | [ 11027, 641, 13, 11579 ]
5383 | [ 2087, 1693, 337, 3559 ]
5389 | [ 229, 31469, 23, 3109 ]
5401 | [ 21613, 41411, 919, 83833 ]
5403 | [ 6359, 2833, 241, 15737 ]
5411 | [ 8081, 1663, 149, 13877 ]
5429 | [ 1213, 4073, 79, 11867 ]
5433 | [ 4789, 10771, 1423, 13043 ]
5435 | [ 11833, 1609, 449, 22807 ]
5447 | [ 3989, 20341, 193, 28547 ]
5455 | [ 7207, 19963, 101, 2423 ]
5459 | [ 20411, 14563, 11, 5737 ]
5461 | [ 80599, 31159, 113, 4643 ]
5465 | [ 30757, 7603, 569, 7603 ]
5469 | [ 16763, 509, 199, 5431 ]
5473 | [ 10433, 1559, 1213, 6427 ]
5485 | [ 7507, 19583, 29, 1291 ]
5489 | [ 63211, 1907, 101, 50131 ]
5493 | [ 2657, 14011, 571, 57287 ]
5497 | [ 31259, 35081, 397, 13883 ]
5509 | [ 409, 383, 31, 31 ]
5513 | [ 8627, 5861, 1187, 5861 ]
5515 | [ 7457, 2687, 757, 49823 ]
5533 | [ 8101, 80021, 863, 36097 ]
5539 | [ 3947, 38693, 647, 28307 ]
5541 | [ 34963, 3719, 373, 10267 ]
5543 | [ 13469, 43987, 2621, 18439 ]
5545 | [ 20849, 9769, 409, 10739 ]
5549 | [ 9173, 3527, 443, 45817 ]
5561 | [ 18211, 5347, 47, 35069 ]
5567 | [ 19501, 5867, 359, 11657 ]
5579 | [ 30133, 34537, 997, 15497 ]
5583 | [ 37507, 1069, 149, 41777 ]
5585 | [ 40289, 20341, 1439, 4603 ]
5587 | [ 2593, 59699, 211, 104527 ]
5597 | [ 7829, 27803, 1531, 11867 ]
5599 | [ 7591, 3319, 431, 167249 ]
5601 | [ 12119, 13337, 211, 971 ]
5603 | [ 30517, 103, 2339, 42433 ]
5609 | [ 16603, 44257, 193, 95213 ]
5611 | [ 21283, 7237, 353, 119057 ]
5613 | [ 24481, 10429, 1973, 47599 ]
5615 | [ 11717, 6689, 503, 1613 ]
5617 | [ 14011, 12329, 1297, 13907 ]
5619 | [ 2377, 53861, 331, 17093 ]
5627 | [ 22189, 599, 2671, 4093 ]
5629 | [ 2617, 7321, 127, 62299 ]
5631 | [ 9397, 3023, 457, 56989 ]
5633 | [ 6473, 16381, 829, 829 ]
5637 | [ 16063, 1091, 251, 5153 ]
5645 | [ 15937, 5419, 191, 3257 ]
5663 | [ 17539, 8069, 41, 3037 ]
5667 | [ 65119, 21491, 2693, 12211 ]
5671 | [ 13721, 11321, 71, 2543 ]
5677 | [ 19387, 22273, 1583, 48619 ]
5699 | [ 8863, 20129, 197, 13241 ]
5703 | [ 5471, 4639, 773, 60091 ]
5707 | [ 4229, 63299, 199, 3637 ]
5713 | [ 36583, 28753, 211, 4583 ]
5721 | [ 10627, 8429, 619, 11939 ]
5723 | [ 18757, 12011, 1483, 99431 ]
5729 | [ 22013, 13879, 53, 991 ]
5731 | [ 31751, 64279, 173, 72901 ]
5739 | [ 5563, 5471, 1061, 11807 ]
5747 | [ 7411, 3511, 1283, 2357 ]
5753 | [ 43753, 24359, 419, 4337 ]
5755 | [ 3923, 347, 577, 23827 ]
5759 | [ 65867, 40591, 101, 11981 ]
5761 | [ 48449, 7793, 263, 4007 ]
5765 | [ 22283, 8389, 331, 17851 ]
5767 | [ 13597, 71209, 439, 60169 ]
5771 | [ 17497, 10369, 563, 101333 ]
5773 | [ 8941, 62603, 107, 52883 ]
5777 | [ 4391, 77849, 307, 4099 ]
5789 | [ 10459, 2437, 163, 2083 ]
5793 | [ 18097, 3191, 131, 7349 ]
5799 | [ 1087, 19139, 71, 38237 ]
5803 | [ 26053, 5641, 71, 31883 ]
5809 | [ 6101, 56401, 239, 51871 ]
5815 | [ 1663, 49199, 661, 65699 ]
5833 | [ 42013, 21191, 193, 10567 ]
5837 | [ 4273, 1511, 2789, 1511 ]
5847 | [ 13513, 48589, 31, 108827 ]
5853 | [ 12601, 2731, 173, 27361 ]
5855 | [ 28573, 10267, 773, 36469 ]
5873 | [ 19417, 13721, 43, 3359 ]
5891 | [ 373, 24091, 829, 90379 ]
5893 | [ 55663, 5147, 2357, 2357 ]
5899 | [ 26759, 21817, 197, 48757 ]
5905 | [ 2273, 25951, 257, 10753 ]
5909 | [ 39443, 35729, 983, 62773 ]
5911 | [ 37879, 4943, 641, 9613 ]
5917 | [ 25939, 14281, 47, 4483 ]
5919 | [ 13729, 8929, 97, 38629 ]
5921 | [ 1021, 6101, 673, 126839 ]
5933 | [ 45053, 31513, 571, 13259 ]
5935 | [ 36383, 19553, 431, 68227 ]
5937 | [ 2657, 12119, 347, 72109 ]
5941 | [ 4337, 47563, 769, 5281 ]
5947 | [ 23567, 12437, 1583, 46099 ]
5951 | [ 83, 6659, 709, 24631 ]
5959 | [ 41897, 32783, 2311, 20357 ]
5961 | [ 11551, 29333, 89, 11491 ]
5963 | [ 102551, 113, 2917, 65147 ]
5965 | [ 7487, 23753, 541, 3631 ]
5969 | [ 1823, 18257, 227, 47737 ]
5971 | [ 563, 3109, 1201, 8821 ]
5977 | [ 5099, 11909, 2663, 23537 ]
5979 | [ 30137, 5653, 587, 4691 ]
5983 | [ 1151, 9283, 1831, 6491 ]
5989 | [ 9941, 25261, 907, 4231 ]
5991 | [ 3511, 22543, 1579, 123007 ]
5993 | [ 27281, 2087, 683, 2087 ]
5997 | [ 5849, 21277, 1277, 7793 ]
5999 | [ 62311, 2833, 197, 56731 ]
6001 | [ 439, 7187, 1097, 2293 ]
6005 | [ 27749, 23371, 1409, 13499 ]
6009 | [ 1693, 379, 1913, 9551 ]
6013 | [ 20521, 883, 457, 154211 ]
6017 | [ 39511, 11171, 617, 27541 ]
6019 | [ 1217, 40507, 347, 33107 ]
6023 | [ 5563, 24109, 13, 929 ]
6031 | [ 6857, 1163, 449, 33073 ]
6033 | [ 16729, 65029, 19, 23981 ]
6041 | [ 3571, 27809, 643, 17393 ]
6049 | [ 16603, 6907, 1933, 13397 ]
6051 | [ 6637, 36551, 223, 4721 ]
6059 | [ 18121, 19081, 691, 40903 ]
6065 | [ 19387, 26777, 1153, 49199 ]
6071 | [ 15661, 3929, 29, 17491 ]
6077 | [ 20549, 6449, 349, 28463 ]
6081 | [ 3251, 2617, 181, 39521 ]
6085 | [ 2609, 26729, 43, 11471 ]
6087 | [ 7919, 2081, 397, 7451 ]
6103 | [ 5009, 95131, 1429, 68819 ]
6107 | [ 20549, 15373, 17, 18089 ]
6109 | [ 3, 12203, 199, 3299 ]
6115 | [ 15973, 10993, 173, 48017 ]
6117 | [ 2273, 41341, 173, 1429 ]
6119 | [ 34213, 8963, 67, 5171 ]
6127 | [ 24439, 30839, 1381, 24097 ]
6139 | [ 66173, 16183, 1091, 94847 ]
6145 | [ 47951, 10369, 47, 4651 ]
6155 | [ 32611, 2767, 41, 34913 ]
6157 | [ 20899, 15493, 89, 46051 ]
6159 | [ 19819, 6427, 3257, 18539 ]
6161 | [ 4091, 16477, 293, 14759 ]
6167 | [ 12889, 21767, 1531, 12967 ]
6169 | [ 27737, 4253, 337, 70921 ]
6179 | [ 7433, 28697, 2617, 125429 ]
6181 | [ 34147, 16487, 19, 11549 ]
6185 | [ 491, 21169, 443, 3373 ]
6187 | [ 23131, 13693, 409, 99643 ]
6189 | [ 37853, 941, 691, 96821 ]
6191 | [ 61381, 23029, 137, 94781 ]
6193 | [ 18257, 3463, 241, 33359 ]
6207 | [ 2797, 15361, 113, 41257 ]
6209 | [ 31159, 14891, 449, 4253 ]
6227 | [ 14087, 53051, 397, 35879 ]
6233 | [ 8783, 701, 421, 27109 ]
6239 | [ 20261, 50053, 331, 29717 ]
6243 | [ 4969, 18229, 701, 48049 ]
6245 | [ 15199, 9041, 463, 5023 ]
6249 | [ 23741, 29789, 149, 9749 ]
6259 | [ 19139, 8191, 389, 449 ]
6261 | [ 73679, 10141, 101, 216617 ]
6267 | [ 11491, 4999, 181, 941 ]
6281 | [ 23399, 85021, 101, 26489 ]
6283 | [ 39323, 99397, 239, 69491 ]
6289 | [ 29243, 5693, 1217, 73079 ]
6295 | [ 3061, 12043, 179, 34033 ]
6297 | [ 11887, 317, 53, 66923 ]
6313 | [ 2621, 70949, 23, 19751 ]
6319 | [ 15737, 3449, 823, 149099 ]
6331 | [ 4441, 1601, 7, 51517 ]
6333 | [ 62683, 11069, 2131, 65033 ]
6339 | [ 16823, 29863, 797, 15451 ]
6341 | [ 20101, 22433, 2207, 22381 ]
6347 | [ 30089, 7603, 449, 17203 ]
6349 | [ 1093, 23357, 379, 6653 ]
6371 | [ 7589, 31069, 1451, 14407 ]
6377 | [ 479, 9887, 167, 9887 ]
6383 | [ 37277, 3631, 347, 40433 ]
6385 | [ 16067, 10313, 863, 1571 ]
6387 | [ 2969, 79693, 751, 13063 ]
6393 | [ 3023, 33203, 3313, 18353 ]
6395 | [ 24251, 31727, 19, 16417 ]
6401 | [ 49787, 12613, 2029, 11069 ]
6403 | [ 197, 84061, 823, 42403 ]
6407 | [ 23869, 4871, 977, 32099 ]
6411 | [ 4603, 38993, 409, 18169 ]
6415 | [ 63901, 11719, 1447, 19073 ]
6423 | [ 593, 4813, 23, 51487 ]
6429 | [ 28643, 25339, 757, 14543 ]
6431 | [ 11087, 5413, 97, 60337 ]
6433 | [ 6911, 23539, 1091, 6841 ]
6437 | [ 7129, 44699, 1069, 1069 ]
6439 | [ 30269, 3821, 1531, 35311 ]
6443 | [ 69809, 55763, 827, 5743 ]
6445 | [ 14083, 14293, 599, 17669 ]
6455 | [ 28771, 5857, 59, 5413 ]
6457 | [ 7817, 63799, 2477, 89977 ]
6459 | [ 34501, 21187, 521, 11587 ]
6463 | [ 25873, 1447, 1223, 175327 ]
6467 | [ 16943, 20023, 151, 2689 ]
6483 | [ 9137, 24419, 157, 8629 ]
6485 | [ 65963, 1429, 2693, 9277 ]
6487 | [ 41539, 22391, 613, 41879 ]
6493 | [ 131, 50789, 929, 62827 ]
6497 | [ 21187, 110729, 3623, 6043 ]
6499 | [ 45523, 112913, 2857, 190787 ]
6503 | [ 10037, 7229, 571, 112139 ]
6505 | [ 6043, 25931, 479, 24593 ]
6509 | [ 3931, 76847, 3467, 56857 ]
6511 | [ 4639, 13781, 43, 143401 ]
6515 | [ 1009, 50461, 1571, 15289 ]
6523 | [ 18379, 59617, 281, 31627 ]
6527 | [ 31469, 34693, 5, 87523 ]
6533 | [ 18541, 72673, 59, 6689 ]
6535 | [ 36341, 35081, 347, 347 ]
6537 | [ 15091, 51043, 1039, 1523 ]
6539 | [ 113, 1283, 593, 62003 ]
6541 | [ 54347, 2729, 577, 7247 ]
6557 | [ 27967, 11027, 113, 6547 ]
6559 | [ 2753, 3119, 1283, 39019 ]
6583 | [ 73589, 77731, 1481, 23339 ]
6587 | [ 4253, 37567, 1301, 51169 ]
6589 | [ 14699, 24023, 887, 9689 ]
6593 | [ 43151, 18353, 383, 2843 ]
6595 | [ 6577, 19387, 337, 22907 ]
6605 | [ 1723, 23081, 71, 4507 ]
6609 | [ 24509, 64609, 157, 25367 ]
6611 | [ 2053, 26267, 811, 46771 ]
6613 | [ 3389, 28879, 197, 6379 ]
6617 | [ 9343, 27823, 197, 1511 ]
6621 | [ 7523, 8317, 31, 68171 ]
6623 | [ 26437, 5843, 1373, 29947 ]
6629 | [ 11251, 10009, 3457, 15551 ]
6631 | [ 4549, 42701, 5077, 65557 ]
6635 | [ 31189, 53623, 1109, 8297 ]
6639 | [ 31193, 33871, 47, 47939 ]
6641 | [ 1931, 443, 521, 6779 ]
6649 | [ 2777, 14867, 2969, 7841 ]
6663 | [ 13903, 30341, 353, 3137 ]
6667 | [ 7639, 2287, 251, 87013 ]
6671 | [ 18461, 20743, 31, 25409 ]
6677 | [ 2237, 8087, 31, 3821 ]
6683 | [ 38447, 49999, 5749, 91249 ]
6697 | [ 53857, 16619, 691, 27739 ]
6707 | [ 20879, 3323, 11, 1283 ]
6711 | [ 24113, 18523, 1063, 10501 ]
6717 | [ 17401, 2549, 1741, 2789 ]
6729 | [ 41017, 13627, 233, 64627 ]
6731 | [ 93889, 23747, 1361, 105373 ]
6739 | [ 61979, 7057, 3259, 66683 ]
6743 | [ 46997, 15923, 113, 10949 ]
6749 | [ 72679, 4327, 41, 499 ]
6751 | [ 4289, 5179, 1433, 85213 ]
6753 | [ 17599, 5039, 307, 5039 ]
6757 | [ 3677, 117071, 1901, 13327 ]
6767 | [ 37273, 5981, 47, 52021 ]
6769 | [ 1171, 71, 2647, 24821 ]
6773 | [ 6211, 11471, 241, 33613 ]
6787 | [ 68567, 4951, 29, 2351 ]
6797 | [ 46073, 1153, 593, 15823 ]
6799 | [ 36161, 22159, 439, 137131 ]
6801 | [ 523, 67247, 2273, 86209 ]
6805 | [ 8669, 33377, 619, 32233 ]
6807 | [ 283, 15241, 487, 2803 ]
6809 | [ 7129, 57241, 433, 6451 ]
6817 | [ 2381, 5009, 677, 1129 ]
6819 | [ 7039, 55639, 263, 82279 ]
6821 | [ 6337, 14549, 53, 31219 ]
6835 | [ 6449, 1103, 1193, 48383 ]
6839 | [ 28211, 32569, 1153, 8669 ]
6843 | [ 17959, 4211, 1451, 4211 ]
6847 | [ 2437, 120847, 131, 112337 ]
6861 | [ 46181, 6121, 103, 14951 ]
6865 | [ 59183, 86293, 503, 12763 ]
6879 | [ 47711, 6673, 647, 7243 ]
6881 | [ 42373, 4793, 1847, 92707 ]
6887 | [ 93809, 54251, 149, 40483 ]
6891 | [ 541, 44021, 167, 167 ]
6893 | [ 38711, 5011, 1979, 5011 ]
6901 | [ 32203, 6299, 409, 27691 ]
6905 | [ 13591, 6949, 37, 70913 ]
6913 | [ 10133, 25243, 113, 7187 ]
6927 | [ 12799, 86077, 941, 129971 ]
6931 | [ 49807, 2609, 479, 32993 ]
6933 | [ 827, 1373, 197, 1373 ]
6937 | [ 85889, 2791, 337, 1753 ]
6941 | [ 38651, 41999, 317, 156329 ]
6943 | [ 35591, 3037, 19, 63473 ]
6953 | [ 27697, 15241, 107, 19301 ]
6973 | [ 10627, 71807, 809, 33863 ]
6979 | [ 17377, 10939, 1997, 3467 ]
6989 | [ 21467, 33641, 281, 8317 ]
6995 | [ 31741, 12917, 239, 14657 ]
6999 | [ 2539, 44887, 103, 50543 ]
7003 | [ 19441, 20939, 593, 38321 ]
7009 | [ 13901, 14831, 619, 619 ]
7017 | [ 116131, 15013, 79, 42013 ]
7023 | [ 401, 21323, 73, 2339 ]
7031 | [ 727, 107099, 1951, 2543 ]
7033 | [ 6719, 31357, 409, 409 ]
7037 | [ 25667, 39199, 487, 29129 ]
7041 | [ 83, 36809, 431, 9173 ]
7045 | [ 3631, 31723, 163, 31723 ]
7051 | [ 44623, 39323, 23, 164147 ]
7053 | [ 16693, 55021, 1033, 40277 ]
7061 | [ 13093, 21487, 1493, 6143 ]
7063 | [ 56519, 14533, 179, 6473 ]
7067 | [ 11243, 23537, 419, 6361 ]
7071 | [ 30529, 38821, 1429, 15383 ]
7073 | [ 25969, 28597, 419, 14653 ]
7081 | [ 54001, 277, 373, 26459 ]
7087 | [ 4649, 2621, 11, 31511 ]
7091 | [ 10211, 32191, 727, 2467 ]
7093 | [ 4201, 20731, 251, 1327 ]
7097 | [ 5783, 12101, 829, 1723 ]
7099 | [ 9721, 577, 2917, 89003 ]
7111 | [ 5, 7577, 929, 91193 ]
7113 | [ 373, 71569, 1601, 42773 ]
7115 | [ 38317, 1483, 3499, 46327 ]
7117 | [ 55849, 67891, 373, 132947 ]
7123 | [ 22129, 4561, 863, 3331 ]
7131 | [ 25799, 35279, 157, 563 ]
7133 | [ 33641, 22343, 233, 809 ]
7135 | [ 28793, 121343, 2213, 17167 ]
7141 | [ 54377, 42073, 659, 16189 ]
7143 | [ 97, 8893, 41, 32507 ]
7145 | [ 19463, 26423, 401, 739 ]
7147 | [ 109789, 15559, 41, 116113 ]
7149 | [ 81001, 7487, 191, 3659 ]
7153 | [ 72431, 55823, 1109, 77359 ]
7157 | [ 6833, 52391, 1129, 21713 ]
7165 | [ 93487, 77569, 467, 13807 ]
7167 | [ 35159, 28837, 461, 4391 ]
7169 | [ 39863, 10133, 337, 1213 ]
7171 | [ 21179, 18803, 79, 28729 ]
7179 | [ 79393, 7207, 757, 32771 ]
7181 | [ 4211, 35023, 487, 61781 ]
7183 | [ 101063, 1699, 379, 196033 ]
7195 | [ 23, 11087, 2069, 80849 ]
7197 | [ 8513, 11527, 103, 92459 ]
7199 | [ 6619, 349, 181, 98927 ]
7201 | [ 32183, 4861, 29, 44699 ]
7217 | [ 11519, 11243, 347, 119953 ]
7223 | [ 47087, 50503, 2963, 50111 ]
7231 | [ 61, 17341, 1063, 155501 ]
7233 | [ 64613, 1601, 967, 15661 ]
7235 | [ 3659, 17683, 59, 88463 ]
7241 | [ 58271, 39877, 503, 68447 ]
7249 | [ 16561, 2311, 331, 70877 ]
7251 | [ 3719, 89431, 2129, 31219 ]
7255 | [ 50969, 23063, 1423, 3967 ]
7261 | [ 30307, 20549, 541, 36767 ]
7265 | [ 13567, 22571, 829, 20147 ]
7269 | [ 7877, 569, 31, 67901 ]
7271 | [ 42239, 18059, 601, 18059 ]
7273 | [ 7789, 3187, 443, 8039 ]
7277 | [ 5903, 24019, 1181, 1181 ]
7279 | [ 38749, 15737, 761, 11321 ]
7289 | [ 51829, 112913, 601, 61559 ]
7291 | [ 25609, 19603, 19, 101611 ]
7295 | [ 12119, 32771, 1093, 15791 ]
7303 | [ 45061, 21383, 3593, 24943 ]
7311 | [ 1601, 30643, 1381, 8059 ]
7313 | [ 45841, 29423, 577, 224729 ]
7319 | [ 827, 35863, 727, 12823 ]
7323 | [ 23833, 24923, 349, 49627 ]
7327 | [ 8707, 37591, 29, 82261 ]
7339 | [ 14449, 45341, 569, 46771 ]
7341 | [ 863, 2593, 127, 263 ]
7343 | [ 14107, 46099, 641, 27749 ]
7355 | [ 73547, 27431, 677, 18013 ]
7357 | [ 3803, 9239, 23, 643 ]
7361 | [ 92431, 21277, 181, 3391 ]
7363 | [ 17981, 22777, 367, 29251 ]
7367 | [ 19927, 38873, 313, 14153 ]
7373 | [ 61357, 25447, 149, 2707 ]
7377 | [ 3559, 29231, 479, 30593 ]
7379 | [ 25579, 115733, 307, 7243 ]
7387 | [ 67121, 231409, 1051, 120899 ]
7391 | [ 31223, 24407, 1669, 46027 ]
7397 | [ 14813, 23563, 3691, 11969 ]
7401 | [ 1049, 10151, 5, 331 ]
7403 | [ 4057, 2837, 1409, 92153 ]
7405 | [ 17573, 977, 7027, 977 ]
7409 | [ 68581, 8467, 2281, 44771 ]
7415 | [ 8563, 15859, 139, 2531 ]
7419 | [ 33013, 31817, 619, 619 ]
7421 | [ 7237, 53479, 859, 1123 ]
7423 | [ 21023, 19381, 641, 31153 ]
7427 | [ 26141, 41491, 823, 1667 ]
7431 | [ 20357, 26893, 11, 1721 ]
7435 | [ 59453, 3793, 577, 12161 ]
7439 | [ 15887, 239, 2207, 33601 ]
7441 | [ 1049, 13829, 463, 26641 ]
7445 | [ 40897, 38197, 4219, 22787 ]
7447 | [ 13331, 54101, 181, 89923 ]
7453 | [ 48847, 33563, 991, 42359 ]
7463 | [ 16139, 7243, 349, 23003 ]
7465 | [ 61609, 14831, 163, 14831 ]
7471 | [ 19577, 18397, 61, 271163 ]
7483 | [ 44651, 27427, 1429, 3391 ]
7493 | [ 9311, 30871, 1103, 65843 ]
7495 | [ 19163, 27329, 73, 27791 ]
7501 | [ 50539, 164513, 953, 5647 ]
7509 | [ 41687, 5081, 1433, 5081 ]
7513 | [ 18233, 4007, 3709, 25357 ]
7519 | [ 60733, 20681, 131, 28597 ]
7531 | [ 2467, 14669, 463, 45631 ]
7543 | [ 16729, 1559, 1873, 73369 ]
7555 | [ 12671, 3079, 607, 32563 ]
7563 | [ 9463, 3359, 197, 3359 ]
7571 | [ 4751, 49711, 1979, 25799 ]
7593 | [ 23767, 114221, 1019, 35393 ]
7597 | [ 112061, 1811, 389, 3761 ]
7601 | [ 7253, 63809, 2531, 62273 ]
7609 | [ 479, 13681, 863, 137623 ]
7613 | [ 7699, 13397, 3613, 66491 ]
7615 | [ 41221, 6011, 641, 23291 ]
7617 | [ 44777, 23, 101, 5843 ]
7619 | [ 22717, 2551, 631, 81077 ]
7627 | [ 55333, 24091, 571, 8273 ]
7629 | [ 65353, 3467, 461, 74453 ]
7631 | [ 21227, 2683, 61, 108533 ]
7633 | [ 104717, 46889, 349, 49459 ]
7637 | [ 78497, 16937, 191, 132611 ]
7647 | [ 14369, 157, 19, 182929 ]
7651 | [ 16249, 124781, 1039, 20759 ]
7653 | [ 5981, 971, 37, 971 ]
7655 | [ 4507, 55997, 659, 10333 ]
7661 | [ 141773, 10007, 167, 3637 ]
7663 | [ 58481, 19381, 11, 42299 ]
7671 | [ 3917, 6217, 701, 59 ]
7679 | [ 9787, 101723, 1597, 93809 ]
7697 | [ 57737, 401, 491, 128657 ]
7709 | [ 36131, 23339, 1193, 20849 ]
7711 | [ 16553, 140557, 3989, 14851 ]
7715 | [ 17, 829, 751, 34849 ]
7721 | [ 38677, 13229, 1553, 250051 ]
7729 | [ 9697, 311, 641, 12967 ]
7737 | [ 15881, 17573, 157, 9883 ]
7739 | [ 36497, 2897, 839, 8039 ]
7745 | [ 51151, 22481, 167, 4217 ]
7747 | [ 7229, 76289, 401, 70489 ]
7751 | [ 47869, 9887, 17, 35899 ]
7763 | [ 24733, 4013, 263, 70891 ]
7765 | [ 281, 8377, 1093, 23143 ]
7769 | [ 56249, 5569, 241, 24847 ]
7771 | [ 27017, 6263, 47, 25847 ]
7773 | [ 1559, 2099, 137, 3989 ]
7779 | [ 727, 8893, 11353, 10289 ]
7781 | [ 4001, 20627, 773, 42169 ]
7783 | [ 34351, 10343, 829, 3733 ]
7787 | [ 20149, 43961, 349, 29837 ]
7795 | [ 62129, 100417, 47, 2411 ]
7799 | [ 6701, 81083, 2417, 25841 ]
7801 | [ 4993, 61463, 293, 61463 ]
7807 | [ 8167, 49459, 4933, 18307 ]
7811 | [ 32251, 7873, 1699, 1699 ]
7813 | [ 38153, 33623, 241, 33967 ]
7819 | [ 58757, 2203, 199, 17231 ]
7827 | [ 43517, 8389, 379, 77761 ]
7831 | [ 7331, 15913, 83, 52709 ]
7835 | [ 1259, 28123, 293, 30203 ]
7837 | [ 108179, 83621, 1627, 6653 ]
7849 | [ 5849, 12743, 97, 165527 ]
7851 | [ 9679, 100207, 1993, 44621 ]
7855 | [ 9833, 65729, 787, 13577 ]
7859 | [ 60427, 91237, 4111, 117517 ]
7861 | [ 12473, 55441, 1597, 1597 ]
7863 | [ 6299, 31817, 1201, 48649 ]
7871 | [ 45841, 14447, 2143, 26627 ]
7891 | [ 2579, 26227, 1031, 7559 ]
7895 | [ 8929, 10091, 661, 15731 ]
7897 | [ 32563, 16937, 89, 46447 ]
7899 | [ 1097, 6353, 3191, 50893 ]
7903 | [ 75013, 1597, 2551, 37483 ]
7909 | [ 44171, 105769, 167, 15601 ]
7913 | [ 38671, 181871, 2711, 102299 ]
7915 | [ 3467, 28571, 1609, 29917 ]
7939 | [ 7, 46757, 823, 3919 ]
7941 | [ 10151, 31799, 911, 17807 ]
7957 | [ 5231, 11399, 727, 6359 ]
7961 | [ 26083, 2293, 211, 5179 ]
7967 | [ 13933, 41759, 1489, 13171 ]
7969 | [ 8117, 45139, 881, 45139 ]
7971 | [ 19267, 6011, 607, 98963 ]
7977 | [ 70121, 31891, 1499, 51347 ]
7979 | [ 63743, 41981, 127, 15263 ]
7981 | [ 25633, 6569, 131, 136067 ]
7985 | [ 26479, 941, 1427, 19963 ]
7989 | [ 113, 30557, 2161, 33071 ]
7991 | [ 21323, 84089, 163, 121309 ]
7997 | [ 5669, 21433, 1039, 25033 ]
7999 | [ 21523, 5281, 53, 72859 ]
8003 | [ 7829, 58369, 1153, 69623 ]
8005 | [ 43487, 4597, 2549, 2797 ]
8013 | [ 44087, 5653, 2141, 3739 ]
8021 | [ 6637, 18353, 1627, 31849 ]
8023 | [ 32561, 17509, 971, 6691 ]
8027 | [ 95239, 4603, 67, 58913 ]
8031 | [ 347, 457, 1013, 17027 ]
8033 | [ 36721, 41491, 1321, 1483 ]
8035 | [ 42463, 379397, 1033, 25657 ]
8045 | [ 16187, 8179, 613, 11239 ]
8047 | [ 4733, 25453, 2749, 138899 ]
8049 | [ 37463, 73, 1289, 5693 ]
8051 | [ 59209, 28541, 953, 19463 ]
8057 | [ 44657, 28289, 2719, 46133 ]
8061 | [ 26717, 10607, 149, 7219 ]
8063 | [ 114451, 37201, 1657, 150439 ]
8065 | [ 34367, 22619, 5107, 4663 ]
8067 | [ 4243, 98101, 19, 251 ]
8071 | [ 10723, 46439, 193, 193 ]
8077 | [ 16979, 25577, 503, 62627 ]
8079 | [ 4363, 3529, 1423, 6907 ]
8083 | [ 49939, 3119, 83, 149603 ]
8095 | [ 24691, 22783, 2791, 110557 ]
8097 | [ 5779, 11299, 43, 86161 ]
8105 | [ 21673, 5297, 233, 10159 ]
8119 | [ 19583, 10223, 3613, 149159 ]
8121 | [ 6133, 34337, 67, 17977 ]
8129 | [ 5981, 211, 1033, 2531 ]
8131 | [ 61231, 3967, 1879, 106321 ]
8133 | [ 5051, 12491, 881, 13367 ]
8135 | [ 2521, 7907, 463, 19259 ]
8137 | [ 39623, 22531, 1303, 14401 ]
8139 | [ 449, 8867, 1531, 71837 ]
8141 | [ 4861, 16519, 719, 16519 ]
8143 | [ 5231, 4051, 1789, 21187 ]
8149 | [ 40153, 7573, 839, 6343 ]
8153 | [ 23789, 11071, 677, 36107 ]
8157 | [ 30949, 3191, 3527, 3191 ]
8159 | [ 49459, 1877, 271, 40841 ]
8173 | [ 37591, 2267, 191, 105563 ]
8185 | [ 1607, 7207, 1381, 7207 ]
8187 | [ 12653, 44053, 59, 34897 ]
8189 | [ 31883, 35729, 1453, 154459 ]
8193 | [ 32797, 3359, 673, 3359 ]
8197 | [ 4339, 14251, 83, 47819 ]
8201 | [ 28537, 3631, 19, 264643 ]
8203 | [ 47041, 206233, 2111, 237379 ]
8207 | [ 64781, 5651, 181, 182927 ]
8213 | [ 228901, 22717, 3607, 21557 ]
8223 | [ 23609, 27107, 431, 121633 ]
8227 | [ 10477, 4373, 739, 35059 ]
8247 | [ 263, 31649, 487, 15923 ]
8249 | [ 65267, 67777, 1499, 37847 ]
8251 | [ 92317, 2677, 349, 20183 ]
8257 | [ 57089, 31091, 157, 5107 ]
8259 | [ 29873, 35951, 5639, 66089 ]
8261 | [ 1601, 16369, 229, 119723 ]
8267 | [ 35317, 88651, 443, 37663 ]
8279 | [ 11503, 35753, 2999, 27011 ]
8285 | [ 68023, 139, 107, 3823 ]
8299 | [ 331, 95801, 73, 112087 ]
8301 | [ 7907, 19433, 787, 443 ]
8309 | [ 34613, 769, 2243, 47819 ]
8315 | [ 5563, 21121, 3323, 37619 ]
8321 | [ 1493, 141277, 463, 11117 ]
8327 | [ 22613, 124793, 439, 55663 ]
8331 | [ 11057, 13033, 769, 130399 ]
8333 | [ 1451, 48779, 89, 60679 ]
8335 | [ 14629, 31699, 233, 3229 ]
8339 | [ 123667, 36067, 1399, 9587 ]
8341 | [ 23, 57527, 1949, 37649 ]
8345 | [ 75553, 10427, 179, 10427 ]
8347 | [ 37567, 20639, 11, 44983 ]
8351 | [ 30671, 373, 7393, 7393 ]
8357 | [ 19801, 26387, 83, 2939 ]
8359 | [ 30983, 52901, 113, 213263 ]
8367 | [ 1637, 22189, 1913, 4231 ]
8371 | [ 58481, 24133, 107, 20983 ]
8373 | [ 56527, 14293, 47, 61253 ]
8383 | [ 16273, 18307, 467, 211711 ]
8391 | [ 100019, 4241, 211, 20903 ]
8399 | [ 7129, 19889, 1069, 2861 ]
8401 | [ 4657, 38299, 823, 823 ]
8403 | [ 41887, 10691, 587, 91573 ]
8407 | [ 15101, 66293, 1993, 120563 ]
8409 | [ 167, 2381, 677, 27791 ]
8411 | [ 157433, 97967, 331, 204917 ]
8413 | [ 56239, 49871, 659, 13397 ]
8417 | [ 41771, 16889, 1201, 114997 ]
8441 | [ 93479, 6659, 601, 36251 ]
8453 | [ 56533, 64937, 101, 16349 ]
8457 | [ 90481, 5749, 107, 21991 ]
8459 | [ 30649, 18701, 1847, 113131 ]
8465 | [ 33311, 7789, 3571, 15527 ]
8471 | [ 44657, 67021, 1439, 51479 ]
8473 | [ 77743, 63907, 463, 4943 ]
8479 | [ 6217, 61627, 173, 191297 ]
8483 | [ 6763, 32983, 109, 142799 ]
8485 | [ 15901, 52259, 31, 46171 ]
8489 | [ 34367, 36067, 2909, 3643 ]
8491 | [ 7841, 13627, 131, 69653 ]
8495 | [ 36973, 43177, 2017, 19961 ]
8497 | [ 34673, 25247, 2731, 15823 ]
8499 | [ 2243, 33179, 97, 7103 ]
8503 | [ 19949, 13037, 223, 947 ]
8507 | [ 9241, 9221, 79, 117223 ]
8509 | [ 18229, 59951, 701, 22501 ]
8511 | [ 15017, 6703, 157, 23041 ]
8519 | [ 49211, 2711, 389, 11393 ]
8529 | [ 58031, 27031, 757, 16249 ]
8531 | [ 106649, 58963, 4621, 6791 ]
8545 | [ 44059, 44651, 1471, 24683 ]
8549 | [ 13177, 7699, 3331, 32797 ]
8551 | [ 9319, 8699, 233, 92219 ]
8553 | [ 4339, 6703, 2113, 6221 ]
8557 | [ 98297, 48661, 853, 4733 ]
8561 | [ 22349, 1187, 419, 17317 ]
8567 | [ 12511, 12503, 2539, 22697 ]
8571 | [ 223, 499, 821, 41117 ]
8579 | [ 23971, 66587, 29, 12043 ]
8583 | [ 14723, 29269, 337, 33811 ]
8587 | [ 919, 23311, 593, 3121 ]
8593 | [ 12583, 47543, 257, 3719 ]
8603 | [ 21491, 51343, 2713, 51479 ]
8605 | [ 31643, 14293, 29, 1777 ]
8611 | [ 33119, 134207, 17, 131743 ]
8615 | [ 421, 89963, 3169, 3169 ]
8617 | [ 24547, 104471, 641, 52369 ]
8621 | [ 34961, 37579, 13, 50651 ]
8633 | [ 3457, 23957, 71, 21523 ]
8637 | [ 27437, 66601, 2251, 35591 ]
8639 | [ 21157, 19609, 2017, 242197 ]
8651 | [ 100189, 773, 683, 36847 ]
8653 | [ 101879, 60647, 1913, 69763 ]
8657 | [ 89231, 15797, 317, 94399 ]
8659 | [ 46523, 30649, 853, 41269 ]
8661 | [ 151651, 8233, 17, 10247 ]
8665 | [ 106331, 94079, 1103, 10799 ]
8683 | [ 6343, 10663, 1459, 2347 ]
8691 | [ 69061, 2729, 83, 56713 ]
8705 | [ 14557, 49559, 103, 49559 ]
8709 | [ 22369, 16871, 277, 26393 ]
8711 | [ 12959, 85781, 661, 12119 ]
8717 | [ 5297, 3557, 2531, 3637 ]
8727 | [ 2341, 8963, 227, 4327 ]
8735 | [ 22679, 2659, 29, 18131 ]
8743 | [ 11701, 72307, 167, 108821 ]
8749 | [ 185723, 51157, 47, 1523 ]
8751 | [ 20641, 18443, 773, 1061 ]
8759 | [ 57119, 7883, 2663, 22937 ]
8765 | [ 9221, 1907, 373, 1907 ]
8767 | [ 51749, 58171, 7243, 47149 ]
8773 | [ 2357, 85201, 19, 238141 ]
8777 | [ 79633, 15373, 103, 15287 ]
8781 | [ 26099, 43963, 239, 251 ]
8791 | [ 3019, 95203, 1871, 78467 ]
8795 | [ 20627, 60923, 1301, 19609 ]
8797 | [ 92551, 34877, 13, 100403 ]
8801 | [ 26713, 76091, 1423, 96221 ]
8809 | [ 1187, 46351, 1999, 76753 ]
8813 | [ 587, 124951, 3137, 44059 ]
8817 | [ 156623, 30871, 1033, 39217 ]
8843 | [ 2357, 13921, 2011, 9479 ]
8851 | [ 48487, 57089, 2137, 70793 ]
8857 | [ 15629, 40429, 61, 72647 ]
8859 | [ 6547, 36373, 41, 48353 ]
8871 | [ 36781, 47309, 2539, 31267 ]
8873 | [ 18061, 71, 211, 26497 ]
8879 | [ 2837, 59663, 1657, 9739 ]
8881 | [ 4457, 50551, 709, 38749 ]
8885 | [ 61819, 122867, 4253, 18311 ]
8889 | [ 27763, 32783, 3343, 10301 ]
8891 | [ 941, 20323, 269, 21881 ]
8899 | [ 78707, 16481, 8089, 69761 ]
8903 | [ 87133, 79423, 3413, 35317 ]
8907 | [ 87629, 1607, 1249, 6733 ]
8909 | [ 29851, 24683, 2473, 55117 ]
8913 | [ 9257, 3163, 349, 4007 ]
8915 | [ 23173, 12619, 199, 16829 ]
8917 | [ 21031, 4421, 137, 38747 ]
8921 | [ 22093, 63421, 2339, 15269 ]
8927 | [ 38189, 4603, 179, 56897 ]
8935 | [ 20333, 2953, 419, 65521 ]
8939 | [ 487, 136373, 67, 20507 ]
8945 | [ 28163, 60497, 971, 28807 ]
8947 | [ 100621, 99223, 31, 20071 ]
8953 | [ 15361, 33377, 11, 37 ]
8977 | [ 74257, 74161, 499, 24169 ]
8981 | [ 1873, 23971, 383, 18701 ]
8983 | [ 58271, 106541, 2551, 47431 ]
8989 | [ 6491, 63599, 61, 9371 ]
8997 | [ 28793, 16417, 467, 11909 ]
9003 | [ 277, 4391, 307, 2459 ]
9005 | [ 3697, 9319, 811, 22391 ]
9017 | [ 23003, 937, 1277, 114407 ]
9019 | [ 12941, 46091, 277, 72623 ]
9023 | [ 15991, 10667, 547, 10667 ]
9031 | [ 17491, 78139, 3701, 36451 ]
9033 | [ 33911, 1061, 971, 7589 ]
9037 | [ 15461, 19231, 137, 39733 ]
9047 | [ 10739, 2111, 241, 114113 ]
9053 | [ 31069, 3923, 719, 105967 ]
9055 | [ 42863, 2137, 1087, 7703 ]
9057 | [ 4153, 12347, 1091, 10433 ]
9069 | [ 84431, 28789, 1297, 142607 ]
9071 | [ 2917, 2551, 397, 149249 ]
9073 | [ 61723, 34471, 5623, 91631 ]
9077 | [ 7193, 44683, 523, 16651 ]
9079 | [ 1583, 6247, 2273, 100673 ]
9083 | [ 56333, 41719, 4051, 4051 ]
9089 | [ 53299, 52883, 233, 19231 ]
9097 | [ 17417, 37049, 2081, 16607 ]
9101 | [ 509, 37619, 197, 98869 ]
9107 | [ 13799, 10891, 229, 105563 ]
9111 | [ 7229, 20521, 1667, 21569 ]
9113 | [ 46061, 47581, 1427, 109387 ]
9115 | [ 69859, 46381, 827, 1499 ]
9119 | [ 114571, 44587, 691, 691 ]
9121 | [ 9043, 141353, 3299, 70183 ]
9123 | [ 8831, 24229, 1481, 67579 ]
9131 | [ 15331, 67, 43, 9371 ]
9143 | [ 40897, 11059, 97, 61469 ]
9147 | [ 21911, 2857, 409, 14879 ]
9149 | [ 7549, 13183, 491, 175453 ]
9155 | [ 6469, 47881, 683, 54037 ]
9167 | [ 18731, 134093, 251, 27751 ]
9169 | [ 34019, 6473, 113, 41851 ]
9179 | [ 16903, 5477, 659, 45553 ]
9183 | [ 8707, 1361, 761, 167 ]
9193 | [ 66593, 45181, 149, 4019 ]
9197 | [ 251, 13723, 709, 13723 ]
9201 | [ 88919, 2999, 1487, 2999 ]
9211 | [ 10753, 46279, 167, 50221 ]
9217 | [ 154211, 24989, 953, 1259 ]
9223 | [ 60103, 12071, 1627, 17707 ]
9229 | [ 235813, 134089, 757, 110879 ]
9233 | [ 24413, 3461, 1303, 492979 ]
9235 | [ 53017, 3691, 139, 85439 ]
9237 | [ 10333, 12487, 1087, 36697 ]
9247 | [ 64217, 64919, 107, 318817 ]
9249 | [ 118361, 5821, 61, 61543 ]
9253 | [ 15329, 27967, 643, 1381 ]
9259 | [ 9377, 853, 1361, 14387 ]
9263 | [ 421, 10939, 167, 105527 ]
9267 | [ 14321, 37363, 61, 113843 ]
9271 | [ 19, 11353, 109, 109 ]
9287 | [ 8803, 7411, 89, 62989 ]
9289 | [ 41, 32887, 2803, 278947 ]
9299 | [ 80149, 32833, 193, 42223 ]
9301 | [ 11003, 9829, 2207, 15193 ]
9305 | [ 4799, 1451, 2693, 1451 ]
9307 | [ 9949, 70067, 617, 12823 ]
9313 | [ 55313, 20183, 89, 187793 ]
9327 | [ 7457, 24989, 2531, 16481 ]
9329 | [ 15767, 5477, 13, 74821 ]
9335 | [ 10651, 23957, 479, 56999 ]
9347 | [ 14797, 121853, 577, 21247 ]
9353 | [ 22973, 10289, 2243, 47093 ]
9355 | [ 29599, 823, 487, 16993 ]
9357 | [ 90989, 65167, 827, 132637 ]
9363 | [ 52369, 4567, 181, 25301 ]
9365 | [ 24379, 39239, 43, 99223 ]
9379 | [ 27077, 21673, 229, 211781 ]
9383 | [ 6323, 73417, 2243, 170249 ]
9385 | [ 3593, 25033, 67, 3719 ]
9389 | [ 170927, 32117, 3943, 11789 ]
9395 | [ 16447, 42331, 881, 6491 ]
9407 | [ 101341, 1669, 103, 23633 ]
9411 | [ 631, 5519, 229, 36241 ]
9427 | [ 74167, 12739, 967, 12011 ]
9445 | [ 829, 10627, 491, 19141 ]
9449 | [ 50263, 5393, 1993, 4583 ]
9451 | [ 10111, 40031, 673, 27551 ]
9469 | [ 61543, 25997, 3673, 6421 ]
9481 | [ 34057, 79561, 2777, 38393 ]
9487 | [ 16447, 7547, 601, 218479 ]
9489 | [ 28163, 80239, 4243, 26729 ]
9493 | [ 95419, 19697, 677, 6073 ]
9501 | [ 22447, 5659, 2083, 76081 ]
9505 | [ 35969, 4019, 353, 197 ]
9507 | [ 10151, 33329, 2341, 32057 ]
9509 | [ 32371, 44027, 463, 44027 ]
9517 | [ 2551, 11789, 809, 37171 ]
9523 | [ 73883, 190807, 1049, 164233 ]
9527 | [ 349, 2801, 227, 20443 ]
9529 | [ 35831, 20483, 293, 4951 ]
9535 | [ 15733, 23473, 479, 97159 ]
9543 | [ 3019, 179, 409, 11933 ]
9553 | [ 6947, 701, 1871, 3413 ]
9557 | [ 17761, 114599, 251, 5503 ]
9561 | [ 3911, 39671, 523, 39671 ]
9563 | [ 48733, 36551, 3407, 9833 ]
9565 | [ 24239, 24107, 673, 23977 ]
9569 | [ 41519, 59567, 4481, 67181 ]
9571 | [ 16189, 4909, 1861, 34319 ]
9573 | [ 13291, 224677, 883, 10987 ]
9577 | [ 63281, 114773, 461, 18859 ]
9589 | [ 18743, 9473, 1831, 361789 ]
9593 | [ 374729, 50647, 827, 2647 ]
9599 | [ 10177, 200363, 127, 230479 ]
9607 | [ 32771, 47933, 2357, 15349 ]
9609 | [ 21881, 37879, 631, 39397 ]
9611 | [ 10039, 46457, 1531, 353 ]
9617 | [ 35911, 4409, 2011, 2011 ]
9627 | [ 1063, 26893, 1637, 21319 ]
9637 | [ 47497, 139429, 4463, 17383 ]
9641 | [ 57347, 8831, 3463, 8831 ]
9647 | [ 10289, 72679, 1399, 14197 ]
9651 | [ 3533, 7919, 719, 15263 ]
9655 | [ 16069, 2447, 101, 66173 ]
9659 | [ 44041, 28687, 73, 42359 ]
9663 | [ 21911, 40787, 1013, 49477 ]
9665 | [ 13001, 4421, 17, 14551 ]
9667 | [ 9011, 82339, 29, 58393 ]
9671 | [ 31393, 44053, 809, 809 ]
9673 | [ 4327, 29599, 2663, 31699 ]
9683 | [ 21187, 1283, 1579, 14071 ]
9687 | [ 1783, 176261, 239, 13879 ]
9691 | [ 52579, 11119, 809, 21031 ]
9701 | [ 9001, 118033, 811, 23563 ]
9703 | [ 5821, 33757, 223, 2423 ]
9707 | [ 12953, 85087, 1301, 30829 ]
9713 | [ 51439, 49459, 109, 48619 ]
9727 | [ 9677, 25147, 1777, 271129 ]
9731 | [ 6703, 13033, 881, 134129 ]
9745 | [ 72551, 15137, 919, 15739 ]
9753 | [ 6563, 15887, 1511, 108499 ]
9755 | [ 1283, 128119, 1069, 7907 ]
9757 | [ 21617, 74381, 1549, 176887 ]
9759 | [ 72767, 54679, 127, 37159 ]
9761 | [ 123191, 11087, 59, 51893 ]
9763 | [ 15017, 38867, 233, 20641 ]
9771 | [ 24977, 108191, 2083, 18229 ]
9773 | [ 160001, 2503, 1889, 2503 ]
9777 | [ 29863, 53089, 1663, 5711 ]
9793 | [ 10139, 141311, 937, 104327 ]
9797 | [ 23143, 20929, 29, 10987 ]
9799 | [ 280351, 53899, 599, 10513 ]
9809 | [ 25801, 30911, 1193, 30911 ]
9813 | [ 4987, 9181, 11, 6343 ]
9827 | [ 11579, 26459, 661, 44519 ]
9841 | [ 24281, 15991, 991, 15991 ]
9847 | [ 50951, 65629, 1873, 137707 ]
9853 | [ 4357, 2311, 73, 235927 ]
9863 | [ 6823, 113899, 1039, 14891 ]
9865 | [ 52289, 13219, 317, 4127 ]
9869 | [ 4253, 28069, 2333, 23197 ]
9881 | [ 100519, 10631, 449, 5927 ]
9893 | [ 17393, 7001, 1063, 619 ]
9895 | [ 50513, 36241, 523, 36469 ]
9897 | [ 67121, 11069, 157, 42013 ]
9899 | [ 40177, 3917, 1373, 67421 ]
9903 | [ 6373, 24197, 823, 3767 ]
9913 | [ 15377, 43159, 4621, 13037 ]
9917 | [ 95261, 16127, 19, 17183 ]
9921 | [ 70537, 9397, 967, 19427 ]
9935 | [ 24989, 7607, 1321, 23021 ]
9937 | [ 36559, 88897, 1163, 194443 ]
9939 | [ 16993, 7919, 229, 7919 ]
9943 | [ 19777, 23293, 4493, 7529 ]
9953 | [ 122363, 35603, 571, 31319 ]
9957 | [ 1453, 9491, 631, 9491 ]
9959 | [ 3923, 9631, 701, 1879 ]
9961 | [ 14389, 4283, 2339, 82609 ]
9965 | [ 2441, 42667, 613, 8761 ]
9969 | [ 11083, 43973, 127, 14207 ]
9977 | [ 18671, 94781, 761, 3301 ]
9979 | [ 29501, 59407, 2609, 4789 ]
9983 | [ 3089, 114479, 1061, 148151 ]
9985 | [ 17, 18917, 1129, 967 ]
9987 | [ 117701, 32077, 101, 17443 ]
9989 | [ 9929, 17939, 47, 109793 ]
9991 | [ 35027, 55903, 1481, 60427 ]
9993 | [ 34849, 20113, 661, 4793 ]
9995 | [ 1049, 67891, 1493, 20177 ]
9997 | [ 16339, 65519, 3209, 5021 ]
